Searching game tree in timestep 0...
Actions to choose: [[1.0, 0.0, 1.0, -1.5707963267948966], [0.0, -1.5707963267948966, 0.0, 0.0], [1.0, 1.5707963267948966, 0.0, 1.5707963267948966], [1.0, 0.0, 0.0, -1.5707963267948966], [1.0, 0.0, 0.0, 0.0], [0.0, 1.5707963267948966, 1.0, 0.0], [1.0, -1.5707963267948966, 1.0, 0.0], [2.0, 0.0, 1.0, 1.5707963267948966], [0.0, -1.5707963267948966, 0.0, -1.5707963267948966], [0.0, 0.0, 1.0, 1.5707963267948966], [1.0, 1.5707963267948966, 1.0, 0.0], [1.0, 1.5707963267948966, 1.0, -1.5707963267948966], [0.0, 0.0, 0.0, 1.5707963267948966], [2.0, 0.0, 0.0, 0.0], [1.0, 0.0, 1.0, 0.0], [2.0, -1.5707963267948966, 1.0, -1.5707963267948966], [2.0, -1.5707963267948966, 0.0, 1.5707963267948966], [1.0, 0.0, 0.0, 1.5707963267948966], [1.0, -1.5707963267948966, 1.0, -1.5707963267948966], [2.0, 1.5707963267948966, 1.0, -1.5707963267948966], [1.0, 1.5707963267948966, 0.0, -1.5707963267948966], [2.0, 1.5707963267948966, 0.0, 0.0], [0.0, -1.5707963267948966, 1.0, 0.0], [2.0, -1.5707963267948966, 1.0, 0.0], [2.0, -1.5707963267948966, 0.0, 0.0], [0.0, 0.0, 0.0, -1.5707963267948966], [2.0, -1.5707963267948966, 0.0, -1.5707963267948966], [2.0, 1.5707963267948966, 0.0, 1.5707963267948966], [0.0, 1.5707963267948966, 0.0, 1.5707963267948966], [1.0, -1.5707963267948966, 1.0, 1.5707963267948966], [0.0, 0.0, 1.0, 0.0], [2.0, 0.0, 1.0, -1.5707963267948966], [2.0, 0.0, 0.0, 1.5707963267948966], [1.0, 1.5707963267948966, 0.0, 0.0], [1.0, 0.0, 1.0, 1.5707963267948966], [0.0, 1.5707963267948966, 1.0, 1.5707963267948966], [0.0, 1.5707963267948966, 1.0, -1.5707963267948966], [2.0, 0.0, 1.0, 0.0], [0.0, 1.5707963267948966, 0.0, -1.5707963267948966], [2.0, 1.5707963267948966, 0.0, -1.5707963267948966], [1.0, -1.5707963267948966, 0.0, 1.5707963267948966], [1.0, 1.5707963267948966, 1.0, 1.5707963267948966], [2.0, -1.5707963267948966, 1.0, 1.5707963267948966], [2.0, 0.0, 0.0, -1.5707963267948966], [1.0, -1.5707963267948966, 0.0, -1.5707963267948966], [0.0, 0.0, 1.0, -1.5707963267948966], [2.0, 1.5707963267948966, 1.0, 0.0], [2.0, 1.5707963267948966, 1.0, 1.5707963267948966], [0.0, -1.5707963267948966, 1.0, -1.5707963267948966], [0.0, -1.5707963267948966, 0.0, 1.5707963267948966], [0.0, 1.5707963267948966, 0.0, 0.0], [0.0, 0.0, 0.0, 0.0], [0.0, -1.5707963267948966, 1.0, 1.5707963267948966], [1.0, -1.5707963267948966, 0.0, 0.0]]
Choices weights: [39, 20, 21, 21, 35, 40, 41, 49, 17, 22, 30, 24, 22, 43, 56, 31, 23, 20, 22, 36, 15, 26, 36, 48, 40, 12, 25, 22, 13, 27, 30, 47, 31, 24, 45, 22, 19, 73, 15, 17, 16, 27, 35, 27, 18, 32, 46, 26, 16, 10, 21, 31, 23, 27]
Robust child: [3.0, 3.0, 0.0, 4.0, 3.0, 0.0, 1]
Select child UCT: [2.0, 3.0, 0.0, 4.0, 3.0, 1.5707963267948966, 1]
Greedy child: [3.0, 3.0, 0.0, 4.0, 3.0, 0.0, 1]
Searching game tree in timestep 1...
Actions to choose: [[0.0, -1.5707963267948966, 1.0, -1.5707963267948966], [0.0, -1.5707963267948966, 0.0, 1.5707963267948966], [0.0, 1.5707963267948966, 1.0, 0.0], [1.0, 1.5707963267948966, 0.0, 1.5707963267948966], [1.0, 1.5707963267948966, 0.0, 0.0], [0.0, 0.0, 1.0, -1.5707963267948966], [0.0, 0.0, 0.0, 0.0], [0.0, -1.5707963267948966, 1.0, 0.0], [0.0, -1.5707963267948966, 1.0, 1.5707963267948966], [0.0, 1.5707963267948966, 0.0, 1.5707963267948966], [2.0, 1.5707963267948966, 0.0, 0.0], [2.0, 0.0, 0.0, -1.5707963267948966], [1.0, -1.5707963267948966, 1.0, 0.0], [0.0, 1.5707963267948966, 1.0, 1.5707963267948966], [2.0, 1.5707963267948966, 1.0, -1.5707963267948966], [2.0, 1.5707963267948966, 0.0, -1.5707963267948966], [2.0, -1.5707963267948966, 0.0, 1.5707963267948966], [0.0, 1.5707963267948966, 1.0, -1.5707963267948966], [1.0, 0.0, 0.0, -1.5707963267948966], [0.0, 0.0, 0.0, 1.5707963267948966], [1.0, 1.5707963267948966, 1.0, 0.0], [1.0, 1.5707963267948966, 1.0, -1.5707963267948966], [1.0, 0.0, 1.0, 0.0], [1.0, -1.5707963267948966, 1.0, -1.5707963267948966], [0.0, 1.5707963267948966, 0.0, -1.5707963267948966], [2.0, -1.5707963267948966, 0.0, -1.5707963267948966], [0.0, 0.0, 1.0, 0.0], [1.0, 0.0, 0.0, 1.5707963267948966], [0.0, 1.5707963267948966, 0.0, 0.0], [2.0, 0.0, 1.0, 1.5707963267948966], [2.0, -1.5707963267948966, 0.0, 0.0], [2.0, -1.5707963267948966, 1.0, -1.5707963267948966], [2.0, 1.5707963267948966, 1.0, 1.5707963267948966], [0.0, 0.0, 0.0, -1.5707963267948966], [0.0, -1.5707963267948966, 0.0, 0.0], [0.0, -1.5707963267948966, 0.0, -1.5707963267948966], [2.0, 0.0, 0.0, 1.5707963267948966], [2.0, 0.0, 1.0, 0.0], [1.0, -1.5707963267948966, 0.0, 0.0], [2.0, 0.0, 1.0, -1.5707963267948966], [2.0, 0.0, 0.0, 0.0], [1.0, 0.0, 1.0, 1.5707963267948966], [1.0, -1.5707963267948966, 0.0, -1.5707963267948966], [1.0, 1.5707963267948966, 1.0, 1.5707963267948966], [1.0, 0.0, 1.0, -1.5707963267948966], [1.0, -1.5707963267948966, 1.0, 1.5707963267948966], [0.0, 0.0, 1.0, 1.5707963267948966], [2.0, -1.5707963267948966, 1.0, 0.0], [1.0, 0.0, 0.0, 0.0], [2.0, 1.5707963267948966, 1.0, 0.0], [1.0, 1.5707963267948966, 0.0, -1.5707963267948966], [2.0, -1.5707963267948966, 1.0, 1.5707963267948966], [2.0, 1.5707963267948966, 0.0, 1.5707963267948966], [1.0, -1.5707963267948966, 0.0, 1.5707963267948966]]
Choices weights: [17, 25, 34, 18, 23, 27, 32, 28, 23, 17, 32, 36, 36, 29, 26, 17, 21, 16, 23, 23, 41, 20, 59, 25, 13, 29, 40, 30, 14, 56, 31, 25, 32, 27, 25, 17, 37, 82, 21, 55, 54, 46, 19, 20, 40, 20, 27, 43, 36, 38, 14, 43, 27, 16]
Robust child: [5.0, 3.0, 0.0, 5.0, 3.0, 0.0, 2]
Select child UCT: [4.0, 3.0, 0.0, 4.0, 3.0, 4.71238898038469, 2]
Greedy child: [5.0, 3.0, 0.0, 5.0, 3.0, 0.0, 2]
Searching game tree in timestep 2...
Actions to choose: [[0.0, -1.5707963267948966, 1.0, 1.5707963267948966], [2.0, 0.0, 0.0, 1.5707963267948966], [1.0, 1.5707963267948966, 0.0, 1.5707963267948966], [1.0, -1.5707963267948966, 0.0, -1.5707963267948966], [0.0, -1.5707963267948966, 0.0, -1.5707963267948966], [2.0, 1.5707963267948966, 1.0, -1.5707963267948966], [2.0, -1.5707963267948966, 0.0, 1.5707963267948966], [1.0, 1.5707963267948966, 1.0, -1.5707963267948966], [2.0, -1.5707963267948966, 0.0, -1.5707963267948966], [1.0, 1.5707963267948966, 1.0, 0.0], [2.0, 1.5707963267948966, 1.0, 0.0], [2.0, -1.5707963267948966, 1.0, 1.5707963267948966], [1.0, 1.5707963267948966, 0.0, 0.0], [1.0, -1.5707963267948966, 1.0, 0.0], [1.0, -1.5707963267948966, 1.0, 1.5707963267948966], [0.0, 0.0, 0.0, 1.5707963267948966], [0.0, 0.0, 1.0, 0.0], [0.0, 1.5707963267948966, 0.0, -1.5707963267948966], [2.0, 1.5707963267948966, 0.0, -1.5707963267948966], [0.0, 0.0, 1.0, 1.5707963267948966], [0.0, 1.5707963267948966, 1.0, -1.5707963267948966], [0.0, -1.5707963267948966, 1.0, -1.5707963267948966], [2.0, 0.0, 1.0, 0.0], [2.0, 1.5707963267948966, 0.0, 1.5707963267948966], [2.0, -1.5707963267948966, 1.0, 0.0], [0.0, 1.5707963267948966, 1.0, 1.5707963267948966], [0.0, 1.5707963267948966, 0.0, 0.0], [2.0, -1.5707963267948966, 0.0, 0.0], [1.0, 0.0, 0.0, 1.5707963267948966], [0.0, 1.5707963267948966, 0.0, 1.5707963267948966], [2.0, -1.5707963267948966, 1.0, -1.5707963267948966], [2.0, 1.5707963267948966, 0.0, 0.0], [2.0, 0.0, 0.0, 0.0], [1.0, -1.5707963267948966, 1.0, -1.5707963267948966], [0.0, 0.0, 0.0, 0.0], [2.0, 0.0, 1.0, -1.5707963267948966], [0.0, 0.0, 1.0, -1.5707963267948966], [0.0, -1.5707963267948966, 1.0, 0.0], [2.0, 1.5707963267948966, 1.0, 1.5707963267948966], [1.0, 0.0, 1.0, 0.0], [2.0, 0.0, 0.0, -1.5707963267948966], [1.0, 0.0, 1.0, 1.5707963267948966], [1.0, 0.0, 1.0, -1.5707963267948966], [0.0, -1.5707963267948966, 0.0, 1.5707963267948966], [1.0, 1.5707963267948966, 0.0, -1.5707963267948966], [1.0, 1.5707963267948966, 1.0, 1.5707963267948966], [0.0, 0.0, 0.0, -1.5707963267948966], [1.0, -1.5707963267948966, 0.0, 1.5707963267948966], [0.0, 1.5707963267948966, 1.0, 0.0], [2.0, 0.0, 1.0, 1.5707963267948966], [1.0, 0.0, 0.0, 0.0], [1.0, -1.5707963267948966, 0.0, 0.0], [0.0, -1.5707963267948966, 0.0, 0.0], [1.0, 0.0, 0.0, -1.5707963267948966]]
Choices weights: [16, 40, 22, 17, 18, 40, 20, 23, 17, 46, 41, 28, 26, 47, 31, 23, 44, 19, 23, 30, 24, 13, 68, 19, 41, 21, 18, 30, 21, 11, 30, 30, 49, 27, 36, 52, 28, 30, 37, 59, 46, 36, 29, 16, 21, 29, 17, 20, 32, 54, 42, 25, 27, 25]
Robust child: [7.0, 3.0, 0.0, 6.0, 3.0, 0.0, 3]
Select child UCT: [6.0, 3.0, 1.5707963267948966, 6.0, 3.0, 0.0, 3]
Greedy child: [7.0, 3.0, 0.0, 6.0, 3.0, 0.0, 3]
Searching game tree in timestep 3...
Actions to choose: [[2.0, -1.5707963267948966, 0.0, -1.5707963267948966], [1.0, -1.5707963267948966, 0.0, 0.0], [2.0, -1.5707963267948966, 1.0, 0.0], [2.0, 1.5707963267948966, 0.0, -1.5707963267948966], [0.0, 1.5707963267948966, 0.0, -1.5707963267948966], [1.0, 0.0, 1.0, -1.5707963267948966], [1.0, 1.5707963267948966, 1.0, 0.0], [2.0, -1.5707963267948966, 1.0, 1.5707963267948966], [0.0, -1.5707963267948966, 0.0, 1.5707963267948966], [2.0, 0.0, 1.0, 0.0], [0.0, 0.0, 1.0, 1.5707963267948966], [2.0, 1.5707963267948966, 0.0, 0.0], [2.0, -1.5707963267948966, 0.0, 1.5707963267948966], [0.0, 1.5707963267948966, 1.0, 0.0], [2.0, -1.5707963267948966, 0.0, 0.0], [1.0, 1.5707963267948966, 1.0, 1.5707963267948966], [0.0, 0.0, 1.0, 0.0], [0.0, 0.0, 1.0, -1.5707963267948966], [2.0, 0.0, 0.0, -1.5707963267948966], [2.0, -1.5707963267948966, 1.0, -1.5707963267948966], [2.0, 1.5707963267948966, 0.0, 1.5707963267948966], [0.0, -1.5707963267948966, 1.0, -1.5707963267948966], [1.0, 1.5707963267948966, 0.0, -1.5707963267948966], [0.0, 0.0, 0.0, 1.5707963267948966], [1.0, 0.0, 1.0, 1.5707963267948966], [1.0, -1.5707963267948966, 0.0, 1.5707963267948966], [0.0, 0.0, 0.0, -1.5707963267948966], [1.0, 0.0, 1.0, 0.0], [1.0, -1.5707963267948966, 1.0, -1.5707963267948966], [1.0, 0.0, 0.0, 0.0], [0.0, 1.5707963267948966, 0.0, 0.0], [0.0, -1.5707963267948966, 0.0, 0.0], [0.0, 1.5707963267948966, 0.0, 1.5707963267948966], [2.0, 1.5707963267948966, 1.0, 0.0], [1.0, 0.0, 0.0, -1.5707963267948966], [0.0, 0.0, 0.0, 0.0], [1.0, 1.5707963267948966, 0.0, 1.5707963267948966], [0.0, 1.5707963267948966, 1.0, -1.5707963267948966], [1.0, -1.5707963267948966, 1.0, 0.0], [2.0, 0.0, 0.0, 0.0], [2.0, 0.0, 1.0, 1.5707963267948966], [0.0, 1.5707963267948966, 1.0, 1.5707963267948966], [1.0, 1.5707963267948966, 1.0, -1.5707963267948966], [0.0, -1.5707963267948966, 0.0, -1.5707963267948966], [1.0, 1.5707963267948966, 0.0, 0.0], [1.0, 0.0, 0.0, 1.5707963267948966], [0.0, -1.5707963267948966, 1.0, 0.0], [2.0, 0.0, 1.0, -1.5707963267948966], [2.0, 1.5707963267948966, 1.0, 1.5707963267948966], [0.0, -1.5707963267948966, 1.0, 1.5707963267948966], [2.0, 0.0, 0.0, 1.5707963267948966], [2.0, 1.5707963267948966, 1.0, -1.5707963267948966], [1.0, -1.5707963267948966, 0.0, -1.5707963267948966], [1.0, -1.5707963267948966, 1.0, 1.5707963267948966]]
Choices weights: [20, 14, 39, 23, 14, 39, 46, 32, 19, 52, 31, 27, 21, 28, 18, 33, 50, 18, 30, 29, 29, 16, 31, 24, 48, 14, 19, 51, 25, 43, 22, 14, 24, 57, 23, 38, 20, 29, 28, 56, 54, 26, 41, 9, 25, 23, 20, 40, 40, 26, 41, 37, 16, 28]
Robust child: [9.0, 3.0, 1.5707963267948966, 7.0, 3.0, 0.0, 4]
Select child UCT: [7.0, 3.0, 0.0, 7.0, 3.0, 1.5707963267948966, 4]
Greedy child: [9.0, 3.0, 0.0, 6.0, 3.0, 4.71238898038469, 4]
Searching game tree in timestep 4...
