Searching game tree in timestep 0...
Actions to choose: [[1.0, 0.0, 0.0, 1.5707963267948966], [0.0, 0.0, 0.0, 0.0], [1.0, -1.5707963267948966, 0.0, -1.5707963267948966], [1.0, -1.5707963267948966, 0.0, 1.5707963267948966], [1.0, 0.0, 1.0, 0.0], [2.0, 1.5707963267948966, 1.0, -1.5707963267948966], [2.0, -1.5707963267948966, 1.0, -1.5707963267948966], [0.0, 0.0, 1.0, 0.0], [1.0, 0.0, 0.0, 0.0], [0.0, 0.0, 0.0, -1.5707963267948966], [1.0, -1.5707963267948966, 1.0, 0.0], [0.0, 0.0, 1.0, 1.5707963267948966], [0.0, -1.5707963267948966, 0.0, -1.5707963267948966], [2.0, 0.0, 0.0, -1.5707963267948966], [2.0, 0.0, 0.0, 0.0], [1.0, 1.5707963267948966, 0.0, -1.5707963267948966], [1.0, -1.5707963267948966, 0.0, 0.0], [0.0, 1.5707963267948966, 1.0, -1.5707963267948966], [2.0, 0.0, 1.0, -1.5707963267948966], [0.0, -1.5707963267948966, 1.0, 1.5707963267948966], [2.0, 1.5707963267948966, 1.0, 1.5707963267948966], [1.0, -1.5707963267948966, 1.0, -1.5707963267948966], [0.0, -1.5707963267948966, 1.0, -1.5707963267948966], [2.0, -1.5707963267948966, 0.0, -1.5707963267948966], [2.0, 0.0, 1.0, 0.0], [1.0, -1.5707963267948966, 1.0, 1.5707963267948966], [0.0, 1.5707963267948966, 1.0, 0.0], [2.0, 0.0, 0.0, 1.5707963267948966], [1.0, 1.5707963267948966, 1.0, 0.0], [0.0, 1.5707963267948966, 0.0, -1.5707963267948966], [2.0, -1.5707963267948966, 1.0, 1.5707963267948966], [1.0, 1.5707963267948966, 0.0, 0.0], [1.0, 1.5707963267948966, 0.0, 1.5707963267948966], [0.0, 1.5707963267948966, 0.0, 1.5707963267948966], [2.0, 1.5707963267948966, 0.0, 0.0], [2.0, 1.5707963267948966, 0.0, 1.5707963267948966], [0.0, -1.5707963267948966, 0.0, 0.0], [2.0, 1.5707963267948966, 0.0, -1.5707963267948966], [2.0, 0.0, 1.0, 1.5707963267948966], [0.0, 0.0, 0.0, 1.5707963267948966], [0.0, -1.5707963267948966, 0.0, 1.5707963267948966], [1.0, 1.5707963267948966, 1.0, 1.5707963267948966], [0.0, -1.5707963267948966, 1.0, 0.0], [2.0, 1.5707963267948966, 1.0, 0.0], [1.0, 0.0, 1.0, -1.5707963267948966], [2.0, -1.5707963267948966, 1.0, 0.0], [0.0, 1.5707963267948966, 0.0, 0.0], [0.0, 1.5707963267948966, 1.0, 1.5707963267948966], [1.0, 0.0, 1.0, 1.5707963267948966], [2.0, -1.5707963267948966, 0.0, 0.0], [1.0, 0.0, 0.0, -1.5707963267948966], [2.0, -1.5707963267948966, 0.0, 1.5707963267948966], [1.0, 1.5707963267948966, 1.0, -1.5707963267948966], [0.0, 0.0, 1.0, -1.5707963267948966]]
Choices weights: [13, 19, 10, 12, 45, 17, 25, 23, 17, 11, 23, 24, 13, 27, 26, 11, 12, 16, 32, 15, 21, 16, 16, 20, 55, 27, 27, 23, 27, 13, 22, 11, 7, 10, 10, 12, 12, 19, 38, 12, 10, 16, 25, 28, 17, 26, 9, 16, 22, 20, 20, 19, 16, 21]
Robust child: [3.0, 3.0, 0.0, 4.0, 3.0, 0.0, 1]
Select child UCT: [2.0, 3.0, 4.71238898038469, 4.0, 3.0, 4.71238898038469, 1]
Greedy child: [3.0, 3.0, 0.0, 4.0, 3.0, 0.0, 1]
Searching game tree in timestep 1...
Actions to choose: [[0.0, -1.5707963267948966, 0.0, 0.0], [1.0, 1.5707963267948966, 0.0, -1.5707963267948966], [1.0, -1.5707963267948966, 0.0, 0.0], [1.0, 1.5707963267948966, 0.0, 0.0], [2.0, 0.0, 0.0, 0.0], [2.0, -1.5707963267948966, 0.0, 0.0], [2.0, 0.0, 1.0, -1.5707963267948966], [0.0, 1.5707963267948966, 1.0, -1.5707963267948966], [0.0, 1.5707963267948966, 0.0, -1.5707963267948966], [1.0, 0.0, 1.0, 1.5707963267948966], [2.0, -1.5707963267948966, 1.0, -1.5707963267948966], [2.0, 1.5707963267948966, 0.0, -1.5707963267948966], [1.0, 1.5707963267948966, 0.0, 1.5707963267948966], [1.0, 1.5707963267948966, 1.0, 1.5707963267948966], [0.0, 0.0, 0.0, -1.5707963267948966], [0.0, 1.5707963267948966, 0.0, 0.0], [2.0, -1.5707963267948966, 0.0, -1.5707963267948966], [2.0, 1.5707963267948966, 1.0, 1.5707963267948966], [1.0, -1.5707963267948966, 0.0, 1.5707963267948966], [1.0, -1.5707963267948966, 0.0, -1.5707963267948966], [1.0, 0.0, 1.0, -1.5707963267948966], [1.0, -1.5707963267948966, 1.0, -1.5707963267948966], [0.0, -1.5707963267948966, 1.0, -1.5707963267948966], [0.0, 1.5707963267948966, 0.0, 1.5707963267948966], [2.0, 0.0, 0.0, 1.5707963267948966], [1.0, 0.0, 0.0, 0.0], [1.0, 0.0, 0.0, 1.5707963267948966], [2.0, 1.5707963267948966, 1.0, 0.0], [1.0, 0.0, 0.0, -1.5707963267948966], [2.0, 1.5707963267948966, 0.0, 1.5707963267948966], [1.0, 0.0, 1.0, 0.0], [0.0, 1.5707963267948966, 1.0, 0.0], [0.0, -1.5707963267948966, 0.0, -1.5707963267948966], [2.0, -1.5707963267948966, 1.0, 1.5707963267948966], [0.0, -1.5707963267948966, 0.0, 1.5707963267948966], [2.0, -1.5707963267948966, 0.0, 1.5707963267948966], [1.0, 1.5707963267948966, 1.0, 0.0], [2.0, 1.5707963267948966, 0.0, 0.0], [1.0, 1.5707963267948966, 1.0, -1.5707963267948966], [0.0, 0.0, 0.0, 1.5707963267948966], [0.0, 0.0, 1.0, -1.5707963267948966], [1.0, -1.5707963267948966, 1.0, 0.0], [2.0, 0.0, 0.0, -1.5707963267948966], [2.0, 1.5707963267948966, 1.0, -1.5707963267948966], [0.0, 0.0, 1.0, 0.0], [2.0, -1.5707963267948966, 1.0, 0.0], [0.0, 0.0, 1.0, 1.5707963267948966], [1.0, -1.5707963267948966, 1.0, 1.5707963267948966], [2.0, 0.0, 1.0, 0.0], [0.0, -1.5707963267948966, 1.0, 1.5707963267948966], [0.0, -1.5707963267948966, 1.0, 0.0], [0.0, 1.5707963267948966, 1.0, 1.5707963267948966], [2.0, 0.0, 1.0, 1.5707963267948966], [0.0, 0.0, 0.0, 0.0]]
Choices weights: [17, 14, 28, 12, 28, 23, 25, 15, 8, 29, 21, 15, 12, 13, 14, 16, 22, 24, 16, 17, 22, 13, 16, 9, 25, 30, 25, 27, 16, 20, 32, 14, 7, 24, 9, 19, 24, 23, 15, 15, 21, 17, 28, 25, 27, 27, 20, 17, 49, 14, 20, 21, 42, 25]
Robust child: [5.0, 3.0, 0.0, 5.0, 3.0, 0.0, 2]
Select child UCT: [5.0, 3.0, 1.5707963267948966, 4.0, 3.0, 0.0, 2]
Greedy child: [5.0, 3.0, 0.0, 5.0, 3.0, 0.0, 2]
Searching game tree in timestep 2...
Actions to choose: [[0.0, 0.0, 1.0, -1.5707963267948966], [0.0, 0.0, 0.0, 0.0], [2.0, 0.0, 0.0, -1.5707963267948966], [0.0, -1.5707963267948966, 0.0, 1.5707963267948966], [1.0, 1.5707963267948966, 1.0, 1.5707963267948966], [1.0, 1.5707963267948966, 0.0, -1.5707963267948966], [2.0, -1.5707963267948966, 0.0, -1.5707963267948966], [2.0, -1.5707963267948966, 0.0, 1.5707963267948966], [0.0, 0.0, 0.0, 1.5707963267948966], [0.0, 1.5707963267948966, 1.0, 1.5707963267948966], [0.0, -1.5707963267948966, 1.0, 1.5707963267948966], [1.0, 0.0, 1.0, 0.0], [1.0, -1.5707963267948966, 0.0, 1.5707963267948966], [1.0, 1.5707963267948966, 0.0, 0.0], [0.0, 0.0, 0.0, -1.5707963267948966], [1.0, 0.0, 0.0, -1.5707963267948966], [1.0, 0.0, 1.0, 1.5707963267948966], [2.0, -1.5707963267948966, 0.0, 0.0], [2.0, -1.5707963267948966, 1.0, -1.5707963267948966], [2.0, 1.5707963267948966, 1.0, 1.5707963267948966], [0.0, -1.5707963267948966, 1.0, -1.5707963267948966], [0.0, 1.5707963267948966, 0.0, 1.5707963267948966], [2.0, 1.5707963267948966, 0.0, -1.5707963267948966], [1.0, 0.0, 0.0, 1.5707963267948966], [2.0, 0.0, 1.0, 1.5707963267948966], [0.0, 1.5707963267948966, 0.0, -1.5707963267948966], [1.0, 0.0, 0.0, 0.0], [1.0, 1.5707963267948966, 1.0, 0.0], [0.0, -1.5707963267948966, 1.0, 0.0], [2.0, -1.5707963267948966, 1.0, 1.5707963267948966], [0.0, 1.5707963267948966, 1.0, -1.5707963267948966], [1.0, -1.5707963267948966, 1.0, 0.0], [2.0, -1.5707963267948966, 1.0, 0.0], [0.0, 0.0, 1.0, 0.0], [2.0, 1.5707963267948966, 1.0, -1.5707963267948966], [0.0, 1.5707963267948966, 0.0, 0.0], [2.0, 0.0, 1.0, -1.5707963267948966], [2.0, 1.5707963267948966, 0.0, 1.5707963267948966], [1.0, 1.5707963267948966, 0.0, 1.5707963267948966], [0.0, 0.0, 1.0, 1.5707963267948966], [1.0, 1.5707963267948966, 1.0, -1.5707963267948966], [0.0, -1.5707963267948966, 0.0, 0.0], [2.0, 1.5707963267948966, 1.0, 0.0], [1.0, -1.5707963267948966, 1.0, 1.5707963267948966], [2.0, 0.0, 1.0, 0.0], [2.0, 0.0, 0.0, 1.5707963267948966], [0.0, -1.5707963267948966, 0.0, -1.5707963267948966], [0.0, 1.5707963267948966, 1.0, 0.0], [1.0, -1.5707963267948966, 1.0, -1.5707963267948966], [1.0, -1.5707963267948966, 0.0, -1.5707963267948966], [2.0, 1.5707963267948966, 0.0, 0.0], [1.0, 0.0, 1.0, -1.5707963267948966], [2.0, 0.0, 0.0, 0.0], [1.0, -1.5707963267948966, 0.0, 0.0]]
Choices weights: [27, 22, 21, 10, 17, 13, 23, 21, 15, 23, 15, 34, 17, 18, 22, 23, 25, 24, 16, 22, 9, 16, 11, 21, 33, 9, 27, 23, 14, 17, 17, 20, 35, 22, 19, 12, 39, 19, 15, 19, 20, 11, 28, 20, 47, 24, 16, 19, 15, 16, 21, 21, 26, 12]
Robust child: [7.0, 3.0, 0.0, 6.0, 3.0, 0.0, 3]
Select child UCT: [7.0, 3.0, 4.71238898038469, 6.0, 3.0, 0.0, 3]
Greedy child: [7.0, 3.0, 0.0, 6.0, 3.0, 0.0, 3]
Searching game tree in timestep 3...
Actions to choose: [[0.0, 1.5707963267948966, 1.0, -1.5707963267948966], [1.0, 1.5707963267948966, 1.0, -1.5707963267948966], [2.0, 0.0, 0.0, 0.0], [2.0, 1.5707963267948966, 0.0, 1.5707963267948966], [0.0, 0.0, 0.0, 0.0], [0.0, 0.0, 1.0, 0.0], [1.0, 0.0, 1.0, -1.5707963267948966], [0.0, -1.5707963267948966, 1.0, 0.0], [2.0, 1.5707963267948966, 1.0, -1.5707963267948966], [0.0, 1.5707963267948966, 0.0, 0.0], [0.0, -1.5707963267948966, 0.0, 1.5707963267948966], [0.0, 0.0, 1.0, -1.5707963267948966], [1.0, 0.0, 0.0, -1.5707963267948966], [1.0, 1.5707963267948966, 0.0, 0.0], [0.0, 1.5707963267948966, 0.0, -1.5707963267948966], [0.0, 1.5707963267948966, 0.0, 1.5707963267948966], [1.0, 1.5707963267948966, 1.0, 0.0], [2.0, 0.0, 0.0, -1.5707963267948966], [2.0, -1.5707963267948966, 0.0, -1.5707963267948966], [1.0, 1.5707963267948966, 0.0, 1.5707963267948966], [2.0, 1.5707963267948966, 0.0, 0.0], [2.0, -1.5707963267948966, 1.0, 1.5707963267948966], [1.0, -1.5707963267948966, 1.0, 0.0], [1.0, -1.5707963267948966, 0.0, -1.5707963267948966], [2.0, 0.0, 0.0, 1.5707963267948966], [2.0, 1.5707963267948966, 0.0, -1.5707963267948966], [0.0, 0.0, 0.0, -1.5707963267948966], [0.0, -1.5707963267948966, 0.0, 0.0], [2.0, 1.5707963267948966, 1.0, 0.0], [1.0, -1.5707963267948966, 1.0, 1.5707963267948966], [2.0, 0.0, 1.0, 0.0], [1.0, 0.0, 1.0, 1.5707963267948966], [2.0, -1.5707963267948966, 0.0, 0.0], [2.0, -1.5707963267948966, 1.0, 0.0], [1.0, 1.5707963267948966, 1.0, 1.5707963267948966], [0.0, 0.0, 0.0, 1.5707963267948966], [1.0, -1.5707963267948966, 0.0, 0.0], [0.0, -1.5707963267948966, 0.0, -1.5707963267948966], [1.0, -1.5707963267948966, 0.0, 1.5707963267948966], [1.0, 0.0, 0.0, 1.5707963267948966], [2.0, 0.0, 1.0, -1.5707963267948966], [2.0, 1.5707963267948966, 1.0, 1.5707963267948966], [0.0, 0.0, 1.0, 1.5707963267948966], [0.0, -1.5707963267948966, 1.0, 1.5707963267948966], [2.0, -1.5707963267948966, 0.0, 1.5707963267948966], [0.0, -1.5707963267948966, 1.0, -1.5707963267948966], [0.0, 1.5707963267948966, 1.0, 0.0], [2.0, 0.0, 1.0, 1.5707963267948966], [1.0, 0.0, 0.0, 0.0], [1.0, 1.5707963267948966, 0.0, -1.5707963267948966], [1.0, -1.5707963267948966, 1.0, -1.5707963267948966], [2.0, -1.5707963267948966, 1.0, -1.5707963267948966], [1.0, 0.0, 1.0, 0.0], [0.0, 1.5707963267948966, 1.0, 1.5707963267948966]]
Choices weights: [23, 19, 28, 15, 13, 34, 15, 19, 15, 15, 11, 13, 23, 23, 10, 12, 24, 17, 12, 15, 30, 23, 17, 12, 27, 20, 11, 15, 38, 22, 41, 31, 22, 27, 24, 18, 21, 7, 13, 19, 34, 19, 24, 13, 16, 12, 22, 34, 21, 24, 18, 14, 29, 25]
Robust child: [9.0, 3.0, 0.0, 7.0, 3.0, 0.0, 4]
Select child UCT: [7.0, 3.0, 4.71238898038469, 6.0, 3.0, 4.71238898038469, 4]
Greedy child: [9.0, 3.0, 0.0, 6.0, 3.0, 4.71238898038469, 4]
Searching game tree in timestep 4...
Actions to choose: [[1.0, 0.0, 0.0, 0.0], [0.0, 1.5707963267948966, 1.0, -1.5707963267948966], [1.0, 0.0, 0.0, -1.5707963267948966], [2.0, 1.5707963267948966, 1.0, -1.5707963267948966], [1.0, -1.5707963267948966, 0.0, 0.0], [1.0, -1.5707963267948966, 1.0, 0.0], [0.0, -1.5707963267948966, 1.0, 0.0], [2.0, 0.0, 1.0, 0.0], [2.0, 1.5707963267948966, 0.0, 0.0], [2.0, 0.0, 1.0, -1.5707963267948966], [1.0, 0.0, 1.0, 1.5707963267948966], [0.0, -1.5707963267948966, 0.0, 1.5707963267948966], [0.0, 0.0, 0.0, 0.0], [1.0, 0.0, 1.0, -1.5707963267948966], [0.0, 0.0, 1.0, -1.5707963267948966], [0.0, 0.0, 1.0, 0.0], [0.0, 0.0, 0.0, -1.5707963267948966], [1.0, 1.5707963267948966, 0.0, -1.5707963267948966], [1.0, 1.5707963267948966, 0.0, 1.5707963267948966], [2.0, -1.5707963267948966, 0.0, 0.0], [0.0, -1.5707963267948966, 0.0, 0.0], [1.0, 0.0, 1.0, 0.0], [2.0, 1.5707963267948966, 0.0, -1.5707963267948966], [2.0, 0.0, 1.0, 1.5707963267948966], [2.0, -1.5707963267948966, 0.0, -1.5707963267948966], [1.0, -1.5707963267948966, 0.0, -1.5707963267948966], [2.0, 0.0, 0.0, 1.5707963267948966], [2.0, -1.5707963267948966, 0.0, 1.5707963267948966], [1.0, 1.5707963267948966, 1.0, -1.5707963267948966], [1.0, 1.5707963267948966, 1.0, 0.0], [2.0, -1.5707963267948966, 1.0, 0.0], [0.0, -1.5707963267948966, 1.0, 1.5707963267948966], [2.0, 1.5707963267948966, 1.0, 0.0], [0.0, 1.5707963267948966, 0.0, -1.5707963267948966], [2.0, 0.0, 0.0, 0.0], [0.0, -1.5707963267948966, 0.0, -1.5707963267948966], [1.0, 0.0, 0.0, 1.5707963267948966], [2.0, 1.5707963267948966, 1.0, 1.5707963267948966], [0.0, 0.0, 0.0, 1.5707963267948966], [0.0, 1.5707963267948966, 1.0, 0.0], [0.0, 0.0, 1.0, 1.5707963267948966], [1.0, 1.5707963267948966, 0.0, 0.0], [1.0, -1.5707963267948966, 1.0, -1.5707963267948966], [1.0, -1.5707963267948966, 1.0, 1.5707963267948966], [2.0, -1.5707963267948966, 1.0, 1.5707963267948966], [0.0, 1.5707963267948966, 0.0, 0.0], [0.0, -1.5707963267948966, 1.0, -1.5707963267948966], [0.0, 1.5707963267948966, 1.0, 1.5707963267948966], [0.0, 1.5707963267948966, 0.0, 1.5707963267948966], [2.0, -1.5707963267948966, 1.0, -1.5707963267948966], [1.0, 1.5707963267948966, 1.0, 1.5707963267948966], [2.0, 1.5707963267948966, 0.0, 1.5707963267948966], [2.0, 0.0, 0.0, -1.5707963267948966], [1.0, -1.5707963267948966, 0.0, 1.5707963267948966]]
Choices weights: [24, 18, 17, 24, 24, 15, 22, 33, 16, 32, 31, 11, 20, 24, 23, 30, 13, 15, 18, 15, 14, 35, 20, 26, 15, 12, 25, 15, 18, 33, 23, 16, 25, 15, 29, 7, 20, 28, 15, 20, 15, 22, 18, 19, 35, 11, 12, 22, 13, 18, 21, 16, 20, 15]
Robust child: [10.0, 3.0, 0.0, 8.0, 3.0, 0.0, 5]
Select child UCT: [10.0, 3.0, 1.5707963267948966, 8.0, 3.0, 4.71238898038469, 5]
Greedy child: [11.0, 3.0, 0.0, 7.0, 3.0, 4.71238898038469, 5]
Searching game tree in timestep 5...
Actions to choose: [[2.0, 0.0, 0.0, 1.5707963267948966], [2.0, -1.5707963267948966, 0.0, 0.0], [0.0, 1.5707963267948966, 1.0, -1.5707963267948966], [0.0, 1.5707963267948966, 0.0, 0.0], [1.0, 0.0, 0.0, -1.5707963267948966], [0.0, 1.5707963267948966, 0.0, -1.5707963267948966], [0.0, -1.5707963267948966, 0.0, 0.0], [1.0, -1.5707963267948966, 0.0, -1.5707963267948966], [0.0, 0.0, 0.0, -1.5707963267948966], [2.0, 1.5707963267948966, 1.0, 0.0], [0.0, 1.5707963267948966, 1.0, 1.5707963267948966], [0.0, 0.0, 1.0, 1.5707963267948966], [2.0, -1.5707963267948966, 1.0, 1.5707963267948966], [0.0, 1.5707963267948966, 0.0, 1.5707963267948966], [2.0, 0.0, 1.0, 1.5707963267948966], [1.0, -1.5707963267948966, 0.0, 0.0], [1.0, 1.5707963267948966, 0.0, -1.5707963267948966], [1.0, 1.5707963267948966, 1.0, -1.5707963267948966], [1.0, -1.5707963267948966, 1.0, 1.5707963267948966], [1.0, 1.5707963267948966, 0.0, 1.5707963267948966], [0.0, 0.0, 1.0, -1.5707963267948966], [2.0, 1.5707963267948966, 0.0, -1.5707963267948966], [1.0, 0.0, 0.0, 0.0], [2.0, 0.0, 1.0, 0.0], [2.0, -1.5707963267948966, 1.0, -1.5707963267948966], [1.0, 0.0, 1.0, 1.5707963267948966], [2.0, 1.5707963267948966, 1.0, 1.5707963267948966], [0.0, -1.5707963267948966, 1.0, -1.5707963267948966], [1.0, 1.5707963267948966, 1.0, 0.0], [2.0, 1.5707963267948966, 0.0, 0.0], [1.0, 1.5707963267948966, 0.0, 0.0], [1.0, 0.0, 1.0, -1.5707963267948966], [2.0, 0.0, 1.0, -1.5707963267948966], [0.0, -1.5707963267948966, 0.0, 1.5707963267948966], [0.0, -1.5707963267948966, 1.0, 1.5707963267948966], [2.0, -1.5707963267948966, 0.0, 1.5707963267948966], [0.0, -1.5707963267948966, 1.0, 0.0], [0.0, 0.0, 0.0, 1.5707963267948966], [1.0, 1.5707963267948966, 1.0, 1.5707963267948966], [1.0, -1.5707963267948966, 1.0, 0.0], [0.0, -1.5707963267948966, 0.0, -1.5707963267948966], [2.0, 1.5707963267948966, 0.0, 1.5707963267948966], [0.0, 1.5707963267948966, 1.0, 0.0], [2.0, 0.0, 0.0, -1.5707963267948966], [0.0, 0.0, 1.0, 0.0], [2.0, 0.0, 0.0, 0.0], [2.0, 1.5707963267948966, 1.0, -1.5707963267948966], [2.0, -1.5707963267948966, 1.0, 0.0], [1.0, -1.5707963267948966, 0.0, 1.5707963267948966], [2.0, -1.5707963267948966, 0.0, -1.5707963267948966], [1.0, -1.5707963267948966, 1.0, -1.5707963267948966], [1.0, 0.0, 1.0, 0.0], [1.0, 0.0, 0.0, 1.5707963267948966], [0.0, 0.0, 0.0, 0.0]]
Choices weights: [20, 21, 13, 15, 15, 10, 12, 17, 12, 29, 19, 17, 34, 10, 30, 19, 16, 23, 17, 20, 19, 25, 19, 32, 27, 21, 28, 14, 20, 26, 8, 32, 29, 14, 17, 21, 17, 14, 20, 21, 15, 22, 20, 20, 25, 21, 25, 28, 17, 21, 15, 30, 14, 21]
Robust child: [12.0, 3.0, 4.71238898038469, 9.0, 3.0, 1.5707963267948966, 6]
Select child UCT: [11.0, 3.0, 4.71238898038469, 9.0, 3.0, 4.71238898038469, 6]
Greedy child: [12.0, 3.0, 1.5707963267948966, 8.0, 3.0, 4.71238898038469, 6]
Runtime: 27.71519112586975 s
