Searching game tree in timestep 0...
Actions to choose: [[1.0, 1.5707963267948966, 0.0, -1.5707963267948966], [0.0, -1.5707963267948966, 0.0, 1.5707963267948966], [2.0, 0.0, 1.0, -1.5707963267948966], [1.0, -1.5707963267948966, 1.0, 1.5707963267948966], [0.0, 1.5707963267948966, 1.0, 0.0], [2.0, 1.5707963267948966, 0.0, 1.5707963267948966], [1.0, 1.5707963267948966, 0.0, 0.0], [1.0, 1.5707963267948966, 1.0, -1.5707963267948966], [0.0, 1.5707963267948966, 0.0, -1.5707963267948966], [0.0, 0.0, 1.0, -1.5707963267948966], [2.0, 0.0, 0.0, -1.5707963267948966], [2.0, 0.0, 1.0, 0.0], [2.0, -1.5707963267948966, 1.0, 0.0], [0.0, -1.5707963267948966, 1.0, -1.5707963267948966], [0.0, -1.5707963267948966, 0.0, -1.5707963267948966], [2.0, 0.0, 0.0, 1.5707963267948966], [0.0, 0.0, 0.0, 1.5707963267948966], [1.0, 0.0, 0.0, 1.5707963267948966], [1.0, 0.0, 0.0, -1.5707963267948966], [0.0, 1.5707963267948966, 1.0, -1.5707963267948966], [2.0, 1.5707963267948966, 0.0, 0.0], [1.0, 1.5707963267948966, 1.0, 1.5707963267948966], [1.0, 0.0, 1.0, -1.5707963267948966], [0.0, -1.5707963267948966, 1.0, 0.0], [1.0, 0.0, 0.0, 0.0], [0.0, -1.5707963267948966, 0.0, 0.0], [1.0, -1.5707963267948966, 1.0, -1.5707963267948966], [0.0, 1.5707963267948966, 1.0, 1.5707963267948966], [1.0, 1.5707963267948966, 0.0, 1.5707963267948966], [0.0, 0.0, 1.0, 0.0], [2.0, -1.5707963267948966, 0.0, 0.0], [1.0, -1.5707963267948966, 0.0, 1.5707963267948966], [0.0, 1.5707963267948966, 0.0, 1.5707963267948966], [0.0, 0.0, 0.0, -1.5707963267948966], [2.0, 0.0, 1.0, 1.5707963267948966], [1.0, 0.0, 1.0, 1.5707963267948966], [2.0, 0.0, 0.0, 0.0], [0.0, 0.0, 1.0, 1.5707963267948966], [1.0, -1.5707963267948966, 0.0, -1.5707963267948966], [2.0, -1.5707963267948966, 1.0, -1.5707963267948966], [0.0, 1.5707963267948966, 0.0, 0.0], [0.0, -1.5707963267948966, 1.0, 1.5707963267948966], [1.0, 0.0, 1.0, 0.0], [2.0, 1.5707963267948966, 1.0, 0.0], [2.0, -1.5707963267948966, 0.0, -1.5707963267948966], [1.0, 1.5707963267948966, 1.0, 0.0], [2.0, 1.5707963267948966, 0.0, -1.5707963267948966], [2.0, -1.5707963267948966, 0.0, 1.5707963267948966], [2.0, -1.5707963267948966, 1.0, 1.5707963267948966], [1.0, -1.5707963267948966, 0.0, 0.0], [0.0, 0.0, 0.0, 0.0], [2.0, 1.5707963267948966, 1.0, -1.5707963267948966], [1.0, -1.5707963267948966, 1.0, 0.0], [2.0, 1.5707963267948966, 1.0, 1.5707963267948966]]
Choices weights: [10, 20, 34, 10, 19, 9, 13, 15, 12, 21, 19, 49, 36, 13, 9, 28, 15, 18, 16, 13, 17, 18, 26, 25, 22, 12, 15, 13, 11, 28, 19, 15, 11, 21, 30, 25, 31, 16, 9, 18, 16, 13, 35, 28, 15, 32, 12, 19, 22, 21, 25, 14, 21, 20]
Robust child: [3.0, 3.0, 0.0, 4.0, 3.0, 0.0, 1]
Select child UCT: [1.0, 3.0, 1.5707963267948966, 4.0, 3.0, 1.5707963267948966, 1]
Greedy child: [3.0, 3.0, 0.0, 4.0, 3.0, 0.0, 1]
Searching game tree in timestep 1...
Actions to choose: [[1.0, 0.0, 0.0, 1.5707963267948966], [0.0, 0.0, 1.0, 0.0], [0.0, 0.0, 1.0, 1.5707963267948966], [0.0, 1.5707963267948966, 0.0, -1.5707963267948966], [1.0, 1.5707963267948966, 1.0, 1.5707963267948966], [2.0, -1.5707963267948966, 0.0, 0.0], [0.0, -1.5707963267948966, 0.0, 1.5707963267948966], [0.0, -1.5707963267948966, 0.0, -1.5707963267948966], [1.0, 1.5707963267948966, 0.0, 0.0], [0.0, -1.5707963267948966, 1.0, 0.0], [0.0, 1.5707963267948966, 1.0, 1.5707963267948966], [2.0, -1.5707963267948966, 0.0, 1.5707963267948966], [1.0, 0.0, 1.0, 0.0], [2.0, 0.0, 1.0, 0.0], [0.0, -1.5707963267948966, 0.0, 0.0], [2.0, 1.5707963267948966, 0.0, -1.5707963267948966], [2.0, 0.0, 1.0, -1.5707963267948966], [0.0, 0.0, 0.0, -1.5707963267948966], [2.0, 0.0, 0.0, 1.5707963267948966], [0.0, 0.0, 1.0, -1.5707963267948966], [2.0, 1.5707963267948966, 1.0, 0.0], [0.0, -1.5707963267948966, 1.0, 1.5707963267948966], [2.0, 1.5707963267948966, 1.0, -1.5707963267948966], [2.0, 0.0, 0.0, 0.0], [0.0, -1.5707963267948966, 1.0, -1.5707963267948966], [1.0, -1.5707963267948966, 1.0, 0.0], [1.0, -1.5707963267948966, 0.0, 0.0], [1.0, -1.5707963267948966, 1.0, -1.5707963267948966], [0.0, 0.0, 0.0, 0.0], [1.0, 1.5707963267948966, 1.0, 0.0], [1.0, 0.0, 1.0, -1.5707963267948966], [2.0, 1.5707963267948966, 1.0, 1.5707963267948966], [2.0, -1.5707963267948966, 1.0, 1.5707963267948966], [1.0, 1.5707963267948966, 1.0, -1.5707963267948966], [2.0, 0.0, 0.0, -1.5707963267948966], [1.0, -1.5707963267948966, 0.0, 1.5707963267948966], [0.0, 0.0, 0.0, 1.5707963267948966], [2.0, 1.5707963267948966, 0.0, 1.5707963267948966], [0.0, 1.5707963267948966, 0.0, 1.5707963267948966], [2.0, 0.0, 1.0, 1.5707963267948966], [1.0, 1.5707963267948966, 0.0, -1.5707963267948966], [1.0, -1.5707963267948966, 1.0, 1.5707963267948966], [1.0, 0.0, 0.0, 0.0], [2.0, -1.5707963267948966, 1.0, 0.0], [0.0, 1.5707963267948966, 1.0, 0.0], [2.0, -1.5707963267948966, 0.0, -1.5707963267948966], [1.0, 1.5707963267948966, 0.0, 1.5707963267948966], [0.0, 1.5707963267948966, 0.0, 0.0], [1.0, 0.0, 1.0, 1.5707963267948966], [0.0, 1.5707963267948966, 1.0, -1.5707963267948966], [1.0, -1.5707963267948966, 0.0, -1.5707963267948966], [2.0, 1.5707963267948966, 0.0, 0.0], [2.0, -1.5707963267948966, 1.0, -1.5707963267948966], [1.0, 0.0, 0.0, -1.5707963267948966]]
Choices weights: [21, 27, 21, 12, 19, 21, 15, 9, 7, 21, 15, 20, 40, 50, 9, 19, 34, 15, 30, 22, 38, 16, 16, 33, 17, 22, 12, 19, 17, 20, 31, 14, 20, 17, 25, 11, 20, 15, 11, 35, 5, 20, 18, 28, 27, 19, 15, 11, 24, 15, 18, 17, 25, 23]
Robust child: [5.0, 3.0, 0.0, 5.0, 3.0, 0.0, 2]
Select child UCT: [4.0, 3.0, 0.0, 4.0, 3.0, 4.71238898038469, 2]
Greedy child: [5.0, 3.0, 0.0, 5.0, 3.0, 0.0, 2]
Searching game tree in timestep 2...
Actions to choose: [[2.0, 1.5707963267948966, 1.0, 0.0], [0.0, 1.5707963267948966, 0.0, 1.5707963267948966], [0.0, -1.5707963267948966, 1.0, 1.5707963267948966], [1.0, 0.0, 0.0, 1.5707963267948966], [0.0, -1.5707963267948966, 0.0, -1.5707963267948966], [0.0, 1.5707963267948966, 0.0, 0.0], [2.0, 1.5707963267948966, 0.0, 0.0], [2.0, 1.5707963267948966, 0.0, -1.5707963267948966], [1.0, -1.5707963267948966, 0.0, -1.5707963267948966], [0.0, 0.0, 0.0, -1.5707963267948966], [0.0, -1.5707963267948966, 1.0, 0.0], [0.0, 1.5707963267948966, 0.0, -1.5707963267948966], [2.0, -1.5707963267948966, 1.0, 0.0], [0.0, 1.5707963267948966, 1.0, -1.5707963267948966], [0.0, 1.5707963267948966, 1.0, 1.5707963267948966], [1.0, -1.5707963267948966, 1.0, 1.5707963267948966], [1.0, 0.0, 0.0, 0.0], [1.0, 1.5707963267948966, 1.0, 1.5707963267948966], [1.0, -1.5707963267948966, 0.0, 0.0], [2.0, -1.5707963267948966, 1.0, -1.5707963267948966], [0.0, 1.5707963267948966, 1.0, 0.0], [0.0, 0.0, 0.0, 1.5707963267948966], [1.0, -1.5707963267948966, 1.0, 0.0], [0.0, 0.0, 1.0, 0.0], [1.0, 1.5707963267948966, 1.0, -1.5707963267948966], [2.0, 0.0, 0.0, 0.0], [1.0, 1.5707963267948966, 0.0, 0.0], [2.0, 1.5707963267948966, 1.0, -1.5707963267948966], [2.0, 0.0, 1.0, -1.5707963267948966], [1.0, -1.5707963267948966, 1.0, -1.5707963267948966], [2.0, 0.0, 0.0, -1.5707963267948966], [0.0, -1.5707963267948966, 0.0, 0.0], [1.0, 0.0, 1.0, 0.0], [2.0, -1.5707963267948966, 0.0, 0.0], [2.0, -1.5707963267948966, 1.0, 1.5707963267948966], [2.0, 1.5707963267948966, 1.0, 1.5707963267948966], [1.0, -1.5707963267948966, 0.0, 1.5707963267948966], [2.0, 0.0, 1.0, 1.5707963267948966], [2.0, 0.0, 0.0, 1.5707963267948966], [2.0, 0.0, 1.0, 0.0], [0.0, 0.0, 0.0, 0.0], [0.0, -1.5707963267948966, 1.0, -1.5707963267948966], [2.0, 1.5707963267948966, 0.0, 1.5707963267948966], [1.0, 1.5707963267948966, 0.0, -1.5707963267948966], [0.0, 0.0, 1.0, 1.5707963267948966], [1.0, 0.0, 0.0, -1.5707963267948966], [1.0, 1.5707963267948966, 1.0, 0.0], [2.0, -1.5707963267948966, 0.0, -1.5707963267948966], [2.0, -1.5707963267948966, 0.0, 1.5707963267948966], [0.0, -1.5707963267948966, 0.0, 1.5707963267948966], [0.0, 0.0, 1.0, -1.5707963267948966], [1.0, 0.0, 1.0, 1.5707963267948966], [1.0, 0.0, 1.0, -1.5707963267948966], [1.0, 1.5707963267948966, 0.0, 1.5707963267948966]]
Choices weights: [33, 15, 13, 23, 11, 10, 23, 22, 14, 17, 18, 12, 20, 18, 17, 16, 24, 16, 19, 19, 27, 15, 23, 38, 21, 25, 23, 14, 32, 18, 27, 12, 40, 19, 28, 24, 13, 37, 30, 43, 21, 15, 21, 10, 21, 13, 26, 12, 11, 12, 11, 20, 32, 8]
Robust child: [7.0, 3.0, 0.0, 6.0, 3.0, 0.0, 3]
Select child UCT: [5.0, 3.0, 4.71238898038469, 6.0, 3.0, 0.0, 3]
Greedy child: [7.0, 3.0, 0.0, 6.0, 3.0, 0.0, 3]
Searching game tree in timestep 3...
Actions to choose: [[0.0, -1.5707963267948966, 0.0, -1.5707963267948966], [0.0, 1.5707963267948966, 1.0, -1.5707963267948966], [0.0, 0.0, 0.0, 1.5707963267948966], [1.0, 0.0, 0.0, -1.5707963267948966], [2.0, -1.5707963267948966, 0.0, -1.5707963267948966], [0.0, 1.5707963267948966, 0.0, 0.0], [2.0, 0.0, 1.0, 0.0], [1.0, -1.5707963267948966, 1.0, 1.5707963267948966], [0.0, 0.0, 0.0, -1.5707963267948966], [1.0, -1.5707963267948966, 1.0, -1.5707963267948966], [0.0, -1.5707963267948966, 0.0, 0.0], [1.0, -1.5707963267948966, 0.0, 1.5707963267948966], [2.0, 1.5707963267948966, 1.0, 1.5707963267948966], [2.0, 0.0, 0.0, 1.5707963267948966], [0.0, 0.0, 0.0, 0.0], [1.0, -1.5707963267948966, 0.0, 0.0], [1.0, 0.0, 0.0, 0.0], [0.0, -1.5707963267948966, 1.0, 1.5707963267948966], [2.0, 0.0, 1.0, 1.5707963267948966], [1.0, -1.5707963267948966, 0.0, -1.5707963267948966], [0.0, 1.5707963267948966, 0.0, -1.5707963267948966], [2.0, 0.0, 0.0, -1.5707963267948966], [1.0, 0.0, 1.0, 1.5707963267948966], [2.0, -1.5707963267948966, 1.0, 0.0], [1.0, -1.5707963267948966, 1.0, 0.0], [2.0, 1.5707963267948966, 0.0, 0.0], [0.0, 0.0, 1.0, 1.5707963267948966], [1.0, 0.0, 1.0, -1.5707963267948966], [1.0, 1.5707963267948966, 1.0, 0.0], [2.0, 1.5707963267948966, 0.0, -1.5707963267948966], [1.0, 1.5707963267948966, 1.0, 1.5707963267948966], [1.0, 0.0, 1.0, 0.0], [2.0, 1.5707963267948966, 1.0, -1.5707963267948966], [0.0, 1.5707963267948966, 0.0, 1.5707963267948966], [2.0, -1.5707963267948966, 1.0, 1.5707963267948966], [0.0, 1.5707963267948966, 1.0, 1.5707963267948966], [2.0, 1.5707963267948966, 0.0, 1.5707963267948966], [0.0, -1.5707963267948966, 0.0, 1.5707963267948966], [1.0, 0.0, 0.0, 1.5707963267948966], [1.0, 1.5707963267948966, 1.0, -1.5707963267948966], [0.0, 0.0, 1.0, 0.0], [2.0, -1.5707963267948966, 1.0, -1.5707963267948966], [0.0, -1.5707963267948966, 1.0, 0.0], [2.0, 0.0, 0.0, 0.0], [2.0, 0.0, 1.0, -1.5707963267948966], [2.0, -1.5707963267948966, 0.0, 1.5707963267948966], [2.0, 1.5707963267948966, 1.0, 0.0], [0.0, -1.5707963267948966, 1.0, -1.5707963267948966], [1.0, 1.5707963267948966, 0.0, -1.5707963267948966], [1.0, 1.5707963267948966, 0.0, 1.5707963267948966], [0.0, 0.0, 1.0, -1.5707963267948966], [2.0, -1.5707963267948966, 0.0, 0.0], [0.0, 1.5707963267948966, 1.0, 0.0], [1.0, 1.5707963267948966, 0.0, 0.0]]
Choices weights: [12, 15, 19, 14, 13, 21, 44, 22, 16, 18, 11, 14, 31, 30, 23, 15, 22, 14, 29, 11, 8, 20, 30, 25, 15, 25, 22, 27, 28, 18, 24, 35, 20, 10, 16, 30, 22, 14, 15, 25, 22, 18, 15, 23, 25, 17, 21, 11, 17, 18, 20, 21, 22, 22]
Robust child: [9.0, 3.0, 0.0, 7.0, 3.0, 0.0, 4]
Select child UCT: [7.0, 3.0, 4.71238898038469, 6.0, 3.0, 1.5707963267948966, 4]
Greedy child: [9.0, 3.0, 0.0, 6.0, 3.0, 4.71238898038469, 4]
Searching game tree in timestep 4...
Actions to choose: [[0.0, 0.0, 1.0, -1.5707963267948966], [0.0, 1.5707963267948966, 0.0, 1.5707963267948966], [1.0, 0.0, 1.0, -1.5707963267948966], [2.0, 0.0, 1.0, 0.0], [0.0, 0.0, 0.0, 1.5707963267948966], [0.0, -1.5707963267948966, 0.0, 1.5707963267948966], [0.0, 0.0, 0.0, 0.0], [2.0, 0.0, 0.0, 0.0], [2.0, -1.5707963267948966, 0.0, 1.5707963267948966], [1.0, 1.5707963267948966, 0.0, -1.5707963267948966], [2.0, 1.5707963267948966, 0.0, 0.0], [2.0, 0.0, 1.0, 1.5707963267948966], [1.0, -1.5707963267948966, 1.0, 0.0], [1.0, -1.5707963267948966, 0.0, 1.5707963267948966], [0.0, 1.5707963267948966, 1.0, 0.0], [1.0, -1.5707963267948966, 1.0, 1.5707963267948966], [2.0, -1.5707963267948966, 0.0, -1.5707963267948966], [1.0, 0.0, 1.0, 1.5707963267948966], [1.0, 0.0, 0.0, 1.5707963267948966], [0.0, 0.0, 0.0, -1.5707963267948966], [2.0, -1.5707963267948966, 1.0, -1.5707963267948966], [1.0, 1.5707963267948966, 0.0, 1.5707963267948966], [0.0, 0.0, 1.0, 1.5707963267948966], [2.0, -1.5707963267948966, 1.0, 0.0], [1.0, -1.5707963267948966, 1.0, -1.5707963267948966], [2.0, -1.5707963267948966, 1.0, 1.5707963267948966], [0.0, -1.5707963267948966, 0.0, 0.0], [1.0, 0.0, 0.0, 0.0], [0.0, -1.5707963267948966, 0.0, -1.5707963267948966], [2.0, 1.5707963267948966, 1.0, -1.5707963267948966], [0.0, -1.5707963267948966, 1.0, 0.0], [2.0, 1.5707963267948966, 0.0, -1.5707963267948966], [1.0, 0.0, 1.0, 0.0], [1.0, 1.5707963267948966, 1.0, 0.0], [0.0, 1.5707963267948966, 1.0, -1.5707963267948966], [1.0, 1.5707963267948966, 0.0, 0.0], [2.0, -1.5707963267948966, 0.0, 0.0], [2.0, 0.0, 0.0, -1.5707963267948966], [2.0, 1.5707963267948966, 1.0, 1.5707963267948966], [1.0, -1.5707963267948966, 0.0, -1.5707963267948966], [2.0, 1.5707963267948966, 1.0, 0.0], [1.0, 0.0, 0.0, -1.5707963267948966], [0.0, -1.5707963267948966, 1.0, 1.5707963267948966], [0.0, 1.5707963267948966, 1.0, 1.5707963267948966], [1.0, 1.5707963267948966, 1.0, 1.5707963267948966], [1.0, 1.5707963267948966, 1.0, -1.5707963267948966], [2.0, 0.0, 1.0, -1.5707963267948966], [2.0, 1.5707963267948966, 0.0, 1.5707963267948966], [2.0, 0.0, 0.0, 1.5707963267948966], [0.0, 1.5707963267948966, 0.0, 0.0], [0.0, 0.0, 1.0, 0.0], [1.0, -1.5707963267948966, 0.0, 0.0], [0.0, -1.5707963267948966, 1.0, -1.5707963267948966], [0.0, 1.5707963267948966, 0.0, -1.5707963267948966]]
Choices weights: [25, 14, 23, 33, 18, 7, 16, 30, 15, 20, 21, 33, 20, 12, 24, 19, 11, 31, 20, 13, 24, 18, 17, 23, 16, 28, 14, 25, 11, 19, 21, 18, 28, 22, 16, 20, 17, 24, 19, 12, 35, 21, 12, 19, 26, 26, 20, 19, 23, 15, 32, 23, 19, 9]
Robust child: [11.0, 3.0, 1.5707963267948966, 8.0, 3.0, 0.0, 5]
Select child UCT: [9.0, 3.0, 0.0, 7.0, 3.0, 0.0, 5]
Greedy child: [11.0, 3.0, 0.0, 7.0, 3.0, 4.71238898038469, 5]
Searching game tree in timestep 5...
Actions to choose: [[0.0, -1.5707963267948966, 0.0, 1.5707963267948966], [1.0, -1.5707963267948966, 0.0, -1.5707963267948966], [0.0, -1.5707963267948966, 1.0, 1.5707963267948966], [0.0, 0.0, 1.0, 0.0], [0.0, 0.0, 0.0, -1.5707963267948966], [0.0, 0.0, 1.0, -1.5707963267948966], [0.0, 1.5707963267948966, 1.0, -1.5707963267948966], [2.0, 1.5707963267948966, 1.0, -1.5707963267948966], [0.0, 1.5707963267948966, 0.0, 1.5707963267948966], [0.0, -1.5707963267948966, 0.0, -1.5707963267948966], [0.0, 0.0, 1.0, 1.5707963267948966], [1.0, 0.0, 1.0, 1.5707963267948966], [1.0, -1.5707963267948966, 0.0, 0.0], [0.0, 1.5707963267948966, 0.0, -1.5707963267948966], [2.0, 0.0, 0.0, 0.0], [1.0, 0.0, 0.0, -1.5707963267948966], [2.0, -1.5707963267948966, 0.0, -1.5707963267948966], [2.0, -1.5707963267948966, 1.0, 0.0], [0.0, 1.5707963267948966, 1.0, 1.5707963267948966], [1.0, 0.0, 1.0, -1.5707963267948966], [1.0, 1.5707963267948966, 0.0, 0.0], [1.0, 1.5707963267948966, 1.0, -1.5707963267948966], [2.0, -1.5707963267948966, 1.0, -1.5707963267948966], [1.0, -1.5707963267948966, 1.0, -1.5707963267948966], [0.0, -1.5707963267948966, 1.0, 0.0], [1.0, 1.5707963267948966, 1.0, 1.5707963267948966], [2.0, 1.5707963267948966, 0.0, -1.5707963267948966], [0.0, -1.5707963267948966, 0.0, 0.0], [2.0, 1.5707963267948966, 1.0, 1.5707963267948966], [2.0, 0.0, 0.0, -1.5707963267948966], [1.0, 0.0, 1.0, 0.0], [1.0, 1.5707963267948966, 0.0, -1.5707963267948966], [0.0, 1.5707963267948966, 1.0, 0.0], [2.0, -1.5707963267948966, 0.0, 0.0], [0.0, 0.0, 0.0, 0.0], [1.0, 1.5707963267948966, 0.0, 1.5707963267948966], [2.0, 0.0, 1.0, 1.5707963267948966], [0.0, 0.0, 0.0, 1.5707963267948966], [1.0, 0.0, 0.0, 1.5707963267948966], [2.0, 0.0, 1.0, 0.0], [1.0, -1.5707963267948966, 1.0, 0.0], [1.0, -1.5707963267948966, 1.0, 1.5707963267948966], [2.0, -1.5707963267948966, 1.0, 1.5707963267948966], [2.0, 0.0, 1.0, -1.5707963267948966], [2.0, 0.0, 0.0, 1.5707963267948966], [2.0, 1.5707963267948966, 0.0, 0.0], [0.0, 1.5707963267948966, 0.0, 0.0], [1.0, -1.5707963267948966, 0.0, 1.5707963267948966], [1.0, 1.5707963267948966, 1.0, 0.0], [2.0, 1.5707963267948966, 0.0, 1.5707963267948966], [0.0, -1.5707963267948966, 1.0, -1.5707963267948966], [2.0, 1.5707963267948966, 1.0, 0.0], [2.0, -1.5707963267948966, 0.0, 1.5707963267948966], [1.0, 0.0, 0.0, 0.0]]
Choices weights: [18, 23, 32, 29, 21, 20, 11, 11, 15, 19, 17, 23, 25, 20, 25, 17, 18, 33, 16, 20, 17, 21, 23, 32, 35, 17, 13, 19, 13, 9, 30, 11, 13, 29, 17, 10, 14, 14, 19, 23, 34, 23, 35, 27, 24, 13, 17, 17, 12, 19, 29, 22, 12, 11]
Robust child: [11.0, 3.0, 0.0, 9.0, 3.0, 0.0, 6]
Select child UCT: [11.0, 5.0, 0.0, 9.0, 3.0, 1.5707963267948966, 6]
Greedy child: [11.0, 4.0, 0.0, 8.0, 3.0, 4.71238898038469, 6]
Searching game tree in timestep 6...
Actions to choose: [[1.0, 1.5707963267948966, 0.0, 1.5707963267948966], [0.0, 1.5707963267948966, 0.0, -1.5707963267948966], [2.0, 1.5707963267948966, 1.0, 1.5707963267948966], [2.0, -1.5707963267948966, 1.0, 1.5707963267948966], [1.0, 0.0, 0.0, -1.5707963267948966], [1.0, 1.5707963267948966, 0.0, -1.5707963267948966], [1.0, -1.5707963267948966, 1.0, 1.5707963267948966], [2.0, 0.0, 1.0, 0.0], [2.0, -1.5707963267948966, 0.0, 0.0], [1.0, 0.0, 1.0, 1.5707963267948966], [1.0, -1.5707963267948966, 0.0, 0.0], [2.0, 1.5707963267948966, 1.0, 0.0], [0.0, 0.0, 1.0, -1.5707963267948966], [0.0, -1.5707963267948966, 1.0, -1.5707963267948966], [1.0, -1.5707963267948966, 1.0, 0.0], [0.0, 0.0, 0.0, -1.5707963267948966], [2.0, 0.0, 0.0, 1.5707963267948966], [0.0, 0.0, 1.0, 1.5707963267948966], [0.0, -1.5707963267948966, 0.0, 1.5707963267948966], [2.0, 1.5707963267948966, 0.0, -1.5707963267948966], [0.0, 0.0, 0.0, 1.5707963267948966], [0.0, -1.5707963267948966, 0.0, 0.0], [0.0, -1.5707963267948966, 1.0, 0.0], [1.0, -1.5707963267948966, 0.0, 1.5707963267948966], [1.0, 0.0, 1.0, -1.5707963267948966], [0.0, 0.0, 1.0, 0.0], [1.0, 1.5707963267948966, 1.0, 1.5707963267948966], [0.0, 1.5707963267948966, 1.0, 1.5707963267948966], [2.0, -1.5707963267948966, 0.0, -1.5707963267948966], [2.0, -1.5707963267948966, 0.0, 1.5707963267948966], [2.0, -1.5707963267948966, 1.0, 0.0], [0.0, 1.5707963267948966, 1.0, 0.0], [1.0, 1.5707963267948966, 1.0, -1.5707963267948966], [1.0, 0.0, 0.0, 0.0], [0.0, 1.5707963267948966, 0.0, 1.5707963267948966], [1.0, -1.5707963267948966, 1.0, -1.5707963267948966], [0.0, 1.5707963267948966, 1.0, -1.5707963267948966], [2.0, 0.0, 0.0, 0.0], [2.0, 1.5707963267948966, 0.0, 1.5707963267948966], [1.0, 1.5707963267948966, 1.0, 0.0], [2.0, 0.0, 1.0, -1.5707963267948966], [0.0, 1.5707963267948966, 0.0, 0.0], [1.0, 1.5707963267948966, 0.0, 0.0], [2.0, 1.5707963267948966, 1.0, -1.5707963267948966], [1.0, -1.5707963267948966, 0.0, -1.5707963267948966], [2.0, -1.5707963267948966, 1.0, -1.5707963267948966], [1.0, 0.0, 1.0, 0.0], [1.0, 0.0, 0.0, 1.5707963267948966], [2.0, 0.0, 1.0, 1.5707963267948966], [0.0, -1.5707963267948966, 1.0, 1.5707963267948966], [0.0, -1.5707963267948966, 0.0, -1.5707963267948966], [0.0, 0.0, 0.0, 0.0], [2.0, 0.0, 0.0, -1.5707963267948966], [2.0, 1.5707963267948966, 0.0, 0.0]]
Choices weights: [17, 15, 34, 24, 12, 15, 18, 37, 18, 24, 18, 25, 18, 13, 30, 14, 29, 20, 15, 15, 21, 14, 16, 11, 17, 23, 25, 16, 21, 17, 33, 18, 21, 24, 14, 22, 11, 31, 13, 24, 37, 12, 11, 28, 15, 26, 23, 15, 30, 14, 15, 12, 25, 21]
Robust child: [13.0, 3.0, 0.0, 10.0, 3.0, 0.0, 7]
Select child UCT: [13.0, 3.0, 0.0, 10.0, 3.0, 1.5707963267948966, 7]
Greedy child: [13.0, 3.0, 0.0, 9.0, 3.0, 4.71238898038469, 7]
Searching game tree in timestep 7...
Actions to choose: [[1.0, -1.5707963267948966, 1.0, 0.0], [0.0, 0.0, 0.0, 1.5707963267948966], [1.0, -1.5707963267948966, 1.0, 1.5707963267948966], [1.0, -1.5707963267948966, 0.0, 0.0], [0.0, 0.0, 1.0, 1.5707963267948966], [2.0, -1.5707963267948966, 1.0, -1.5707963267948966], [1.0, 0.0, 0.0, 0.0], [0.0, -1.5707963267948966, 1.0, 1.5707963267948966], [2.0, 0.0, 0.0, -1.5707963267948966], [1.0, 0.0, 1.0, 1.5707963267948966], [1.0, 0.0, 1.0, -1.5707963267948966], [0.0, 1.5707963267948966, 1.0, 1.5707963267948966], [2.0, 0.0, 1.0, 0.0], [1.0, 0.0, 0.0, -1.5707963267948966], [1.0, 1.5707963267948966, 1.0, 1.5707963267948966], [2.0, 1.5707963267948966, 0.0, -1.5707963267948966], [2.0, 1.5707963267948966, 0.0, 0.0], [2.0, 0.0, 1.0, 1.5707963267948966], [0.0, 0.0, 1.0, -1.5707963267948966], [0.0, -1.5707963267948966, 0.0, 0.0], [2.0, 1.5707963267948966, 0.0, 1.5707963267948966], [0.0, -1.5707963267948966, 1.0, -1.5707963267948966], [1.0, 1.5707963267948966, 0.0, 0.0], [0.0, 1.5707963267948966, 1.0, -1.5707963267948966], [0.0, -1.5707963267948966, 1.0, 0.0], [1.0, 1.5707963267948966, 1.0, 0.0], [1.0, -1.5707963267948966, 0.0, -1.5707963267948966], [0.0, 0.0, 0.0, -1.5707963267948966], [2.0, 1.5707963267948966, 1.0, 0.0], [2.0, 0.0, 1.0, -1.5707963267948966], [1.0, -1.5707963267948966, 1.0, -1.5707963267948966], [0.0, -1.5707963267948966, 0.0, 1.5707963267948966], [0.0, -1.5707963267948966, 0.0, -1.5707963267948966], [1.0, -1.5707963267948966, 0.0, 1.5707963267948966], [2.0, -1.5707963267948966, 0.0, 1.5707963267948966], [2.0, -1.5707963267948966, 0.0, 0.0], [0.0, 1.5707963267948966, 1.0, 0.0], [1.0, 1.5707963267948966, 0.0, -1.5707963267948966], [2.0, -1.5707963267948966, 0.0, -1.5707963267948966], [0.0, 0.0, 1.0, 0.0], [1.0, 1.5707963267948966, 1.0, -1.5707963267948966], [2.0, 1.5707963267948966, 1.0, 1.5707963267948966], [2.0, -1.5707963267948966, 1.0, 1.5707963267948966], [2.0, -1.5707963267948966, 1.0, 0.0], [0.0, 1.5707963267948966, 0.0, -1.5707963267948966], [2.0, 1.5707963267948966, 1.0, -1.5707963267948966], [2.0, 0.0, 0.0, 0.0], [1.0, 0.0, 1.0, 0.0], [0.0, 1.5707963267948966, 0.0, 0.0], [0.0, 1.5707963267948966, 0.0, 1.5707963267948966], [2.0, 0.0, 0.0, 1.5707963267948966], [1.0, 0.0, 0.0, 1.5707963267948966], [0.0, 0.0, 0.0, 0.0], [1.0, 1.5707963267948966, 0.0, 1.5707963267948966]]
Choices weights: [17, 12, 23, 22, 20, 37, 16, 13, 19, 20, 19, 23, 34, 16, 17, 28, 20, 32, 14, 13, 13, 19, 24, 13, 15, 26, 17, 14, 31, 30, 23, 16, 18, 17, 22, 20, 15, 13, 16, 20, 19, 30, 31, 26, 16, 30, 16, 23, 12, 14, 20, 24, 12, 19]
Robust child: [15.0, 3.0, 4.71238898038469, 11.0, 3.0, 4.71238898038469, 8]
Select child UCT: [14.0, 3.0, 1.5707963267948966, 10.0, 3.0, 0.0, 8]
Greedy child: [15.0, 3.0, 1.5707963267948966, 10.0, 3.0, 0.0, 8]
Runtime: 29.100942850112915 s
