Searching game tree in timestep 0...
Actions to choose: [[0.0, 1.5707963267948966, 0.0, 0.0], [0.0, 1.5707963267948966, 1.0, 1.5707963267948966], [2.0, 0.0, 0.0, 1.5707963267948966], [2.0, -1.5707963267948966, 1.0, -1.5707963267948966], [1.0, -1.5707963267948966, 0.0, 0.0], [0.0, 0.0, 0.0, -1.5707963267948966], [2.0, 0.0, 1.0, 1.5707963267948966], [0.0, 1.5707963267948966, 1.0, 0.0], [1.0, 0.0, 0.0, 0.0], [2.0, -1.5707963267948966, 1.0, 0.0], [0.0, -1.5707963267948966, 0.0, 0.0], [0.0, -1.5707963267948966, 1.0, 1.5707963267948966], [0.0, 0.0, 1.0, -1.5707963267948966], [2.0, -1.5707963267948966, 0.0, 1.5707963267948966], [2.0, 1.5707963267948966, 0.0, 0.0], [0.0, -1.5707963267948966, 0.0, -1.5707963267948966], [0.0, 1.5707963267948966, 0.0, -1.5707963267948966], [0.0, -1.5707963267948966, 0.0, 1.5707963267948966], [1.0, -1.5707963267948966, 1.0, -1.5707963267948966], [2.0, 0.0, 0.0, -1.5707963267948966], [2.0, 1.5707963267948966, 0.0, 1.5707963267948966], [1.0, -1.5707963267948966, 1.0, 0.0], [2.0, 1.5707963267948966, 1.0, 1.5707963267948966], [1.0, 1.5707963267948966, 0.0, 1.5707963267948966], [0.0, 0.0, 0.0, 0.0], [1.0, 1.5707963267948966, 1.0, 0.0], [1.0, 0.0, 1.0, 1.5707963267948966], [1.0, -1.5707963267948966, 1.0, 1.5707963267948966], [2.0, 0.0, 0.0, 0.0], [2.0, 1.5707963267948966, 0.0, -1.5707963267948966], [1.0, 1.5707963267948966, 1.0, 1.5707963267948966], [1.0, 1.5707963267948966, 1.0, -1.5707963267948966], [2.0, 1.5707963267948966, 1.0, -1.5707963267948966], [1.0, 1.5707963267948966, 0.0, 0.0], [0.0, -1.5707963267948966, 1.0, -1.5707963267948966], [2.0, 0.0, 1.0, -1.5707963267948966], [1.0, 0.0, 1.0, 0.0], [2.0, 0.0, 1.0, 0.0], [1.0, 0.0, 1.0, -1.5707963267948966], [1.0, 0.0, 0.0, -1.5707963267948966], [1.0, 1.5707963267948966, 0.0, -1.5707963267948966], [2.0, -1.5707963267948966, 0.0, -1.5707963267948966], [2.0, 1.5707963267948966, 1.0, 0.0], [0.0, 1.5707963267948966, 1.0, -1.5707963267948966], [1.0, -1.5707963267948966, 0.0, -1.5707963267948966], [2.0, -1.5707963267948966, 0.0, 0.0], [1.0, -1.5707963267948966, 0.0, 1.5707963267948966], [1.0, 0.0, 0.0, 1.5707963267948966], [2.0, -1.5707963267948966, 1.0, 1.5707963267948966], [0.0, 0.0, 0.0, 1.5707963267948966], [0.0, -1.5707963267948966, 1.0, 0.0], [0.0, 0.0, 1.0, 1.5707963267948966], [0.0, 1.5707963267948966, 0.0, 1.5707963267948966], [0.0, 0.0, 1.0, 0.0]]
Choices weights: [13, 29, 39, 26, 21, 19, 51, 34, 37, 50, 17, 17, 25, 23, 25, 12, 15, 14, 34, 49, 18, 37, 30, 13, 21, 43, 41, 23, 38, 32, 25, 24, 34, 26, 25, 46, 51, 70, 28, 26, 18, 23, 43, 22, 19, 26, 14, 28, 31, 12, 27, 34, 17, 39]
Robust child: [3.0, 3.0, 0.0, 4.0, 3.0, 0.0, 1]
Select child UCT: [3.0, 3.0, 0.0, 4.0, 3.0, 0.0, 1]
Greedy child: [3.0, 3.0, 0.0, 4.0, 3.0, 0.0, 1]
Searching game tree in timestep 1...
Actions to choose: [[1.0, 0.0, 1.0, -1.5707963267948966], [2.0, 0.0, 0.0, 0.0], [0.0, 1.5707963267948966, 0.0, 0.0], [0.0, -1.5707963267948966, 0.0, -1.5707963267948966], [2.0, -1.5707963267948966, 1.0, -1.5707963267948966], [0.0, 0.0, 1.0, -1.5707963267948966], [2.0, -1.5707963267948966, 1.0, 1.5707963267948966], [2.0, 1.5707963267948966, 1.0, 1.5707963267948966], [0.0, -1.5707963267948966, 1.0, 0.0], [1.0, 1.5707963267948966, 1.0, 0.0], [0.0, 1.5707963267948966, 0.0, 1.5707963267948966], [1.0, -1.5707963267948966, 1.0, -1.5707963267948966], [2.0, -1.5707963267948966, 0.0, -1.5707963267948966], [1.0, 1.5707963267948966, 0.0, -1.5707963267948966], [2.0, -1.5707963267948966, 1.0, 0.0], [1.0, -1.5707963267948966, 1.0, 0.0], [0.0, 1.5707963267948966, 0.0, -1.5707963267948966], [0.0, 1.5707963267948966, 1.0, 0.0], [0.0, -1.5707963267948966, 0.0, 0.0], [2.0, 0.0, 0.0, -1.5707963267948966], [2.0, -1.5707963267948966, 0.0, 1.5707963267948966], [0.0, 0.0, 1.0, 0.0], [1.0, 0.0, 0.0, -1.5707963267948966], [0.0, 1.5707963267948966, 1.0, 1.5707963267948966], [2.0, 0.0, 1.0, 0.0], [1.0, 1.5707963267948966, 0.0, 1.5707963267948966], [0.0, 0.0, 0.0, -1.5707963267948966], [0.0, -1.5707963267948966, 0.0, 1.5707963267948966], [2.0, 1.5707963267948966, 0.0, -1.5707963267948966], [0.0, 0.0, 0.0, 0.0], [2.0, 1.5707963267948966, 1.0, -1.5707963267948966], [2.0, 0.0, 1.0, -1.5707963267948966], [0.0, 0.0, 1.0, 1.5707963267948966], [1.0, -1.5707963267948966, 0.0, -1.5707963267948966], [1.0, 0.0, 0.0, 1.5707963267948966], [0.0, 0.0, 0.0, 1.5707963267948966], [1.0, -1.5707963267948966, 1.0, 1.5707963267948966], [2.0, -1.5707963267948966, 0.0, 0.0], [1.0, 1.5707963267948966, 1.0, 1.5707963267948966], [0.0, -1.5707963267948966, 1.0, 1.5707963267948966], [1.0, -1.5707963267948966, 0.0, 0.0], [2.0, 1.5707963267948966, 0.0, 0.0], [1.0, 0.0, 1.0, 0.0], [1.0, -1.5707963267948966, 0.0, 1.5707963267948966], [0.0, -1.5707963267948966, 1.0, -1.5707963267948966], [1.0, 0.0, 1.0, 1.5707963267948966], [2.0, 1.5707963267948966, 0.0, 1.5707963267948966], [1.0, 0.0, 0.0, 0.0], [2.0, 0.0, 0.0, 1.5707963267948966], [0.0, 1.5707963267948966, 1.0, -1.5707963267948966], [2.0, 1.5707963267948966, 1.0, 0.0], [1.0, 1.5707963267948966, 1.0, -1.5707963267948966], [2.0, 0.0, 1.0, 1.5707963267948966], [1.0, 1.5707963267948966, 0.0, 0.0]]
Choices weights: [42, 47, 16, 12, 38, 24, 29, 33, 26, 47, 15, 35, 19, 20, 45, 33, 9, 28, 14, 35, 23, 41, 33, 23, 73, 21, 21, 19, 13, 25, 42, 68, 28, 14, 29, 18, 26, 25, 35, 25, 14, 32, 52, 24, 18, 46, 19, 38, 46, 20, 44, 21, 60, 19]
Robust child: [5.0, 3.0, 0.0, 5.0, 3.0, 0.0, 2]
Select child UCT: [5.0, 3.0, 0.0, 4.0, 3.0, 1.5707963267948966, 2]
Greedy child: [5.0, 3.0, 0.0, 5.0, 3.0, 0.0, 2]
Searching game tree in timestep 2...
Actions to choose: [[2.0, -1.5707963267948966, 1.0, 1.5707963267948966], [0.0, 1.5707963267948966, 0.0, -1.5707963267948966], [2.0, 1.5707963267948966, 0.0, 0.0], [1.0, 0.0, 1.0, 0.0], [0.0, -1.5707963267948966, 1.0, 0.0], [2.0, -1.5707963267948966, 1.0, 0.0], [2.0, -1.5707963267948966, 0.0, -1.5707963267948966], [0.0, -1.5707963267948966, 0.0, 1.5707963267948966], [0.0, 0.0, 1.0, -1.5707963267948966], [2.0, 0.0, 1.0, 1.5707963267948966], [2.0, -1.5707963267948966, 0.0, 0.0], [2.0, 1.5707963267948966, 1.0, -1.5707963267948966], [1.0, 0.0, 0.0, -1.5707963267948966], [1.0, -1.5707963267948966, 1.0, -1.5707963267948966], [1.0, 1.5707963267948966, 1.0, 1.5707963267948966], [2.0, 1.5707963267948966, 1.0, 1.5707963267948966], [1.0, 0.0, 1.0, 1.5707963267948966], [1.0, 0.0, 0.0, 1.5707963267948966], [2.0, 1.5707963267948966, 1.0, 0.0], [0.0, 0.0, 0.0, -1.5707963267948966], [1.0, -1.5707963267948966, 1.0, 0.0], [1.0, 0.0, 1.0, -1.5707963267948966], [1.0, 1.5707963267948966, 0.0, -1.5707963267948966], [1.0, 1.5707963267948966, 1.0, 0.0], [2.0, 1.5707963267948966, 0.0, -1.5707963267948966], [0.0, -1.5707963267948966, 0.0, -1.5707963267948966], [0.0, -1.5707963267948966, 1.0, 1.5707963267948966], [2.0, 1.5707963267948966, 0.0, 1.5707963267948966], [1.0, 1.5707963267948966, 0.0, 1.5707963267948966], [0.0, 0.0, 1.0, 1.5707963267948966], [1.0, -1.5707963267948966, 0.0, 0.0], [2.0, 0.0, 1.0, -1.5707963267948966], [1.0, 0.0, 0.0, 0.0], [0.0, 1.5707963267948966, 0.0, 1.5707963267948966], [2.0, -1.5707963267948966, 0.0, 1.5707963267948966], [0.0, 1.5707963267948966, 0.0, 0.0], [2.0, 0.0, 0.0, -1.5707963267948966], [0.0, 1.5707963267948966, 1.0, 1.5707963267948966], [0.0, 0.0, 1.0, 0.0], [1.0, -1.5707963267948966, 0.0, -1.5707963267948966], [0.0, 1.5707963267948966, 1.0, 0.0], [0.0, 1.5707963267948966, 1.0, -1.5707963267948966], [0.0, -1.5707963267948966, 0.0, 0.0], [0.0, -1.5707963267948966, 1.0, -1.5707963267948966], [2.0, -1.5707963267948966, 1.0, -1.5707963267948966], [2.0, 0.0, 0.0, 0.0], [1.0, 1.5707963267948966, 1.0, -1.5707963267948966], [2.0, 0.0, 1.0, 0.0], [0.0, 0.0, 0.0, 1.5707963267948966], [1.0, -1.5707963267948966, 1.0, 1.5707963267948966], [0.0, 0.0, 0.0, 0.0], [1.0, 1.5707963267948966, 0.0, 0.0], [2.0, 0.0, 0.0, 1.5707963267948966], [1.0, -1.5707963267948966, 0.0, 1.5707963267948966]]
Choices weights: [37, 16, 29, 51, 24, 41, 23, 18, 39, 50, 31, 38, 25, 14, 23, 42, 46, 31, 49, 29, 30, 37, 20, 41, 28, 20, 18, 27, 15, 29, 20, 57, 31, 16, 12, 22, 37, 25, 51, 22, 26, 15, 25, 23, 32, 48, 29, 70, 23, 20, 20, 25, 36, 19]
Robust child: [7.0, 3.0, 0.0, 6.0, 3.0, 0.0, 3]
Select child UCT: [6.0, 3.0, 1.5707963267948966, 6.0, 3.0, 1.5707963267948966, 3]
Greedy child: [7.0, 3.0, 0.0, 5.0, 3.0, 1.5707963267948966, 3]
Searching game tree in timestep 3...
Actions to choose: [[2.0, 0.0, 1.0, -1.5707963267948966], [1.0, -1.5707963267948966, 1.0, 1.5707963267948966], [0.0, 1.5707963267948966, 1.0, 1.5707963267948966], [0.0, 0.0, 1.0, 1.5707963267948966], [1.0, 0.0, 1.0, 1.5707963267948966], [2.0, 1.5707963267948966, 0.0, 0.0], [2.0, 1.5707963267948966, 1.0, -1.5707963267948966], [2.0, -1.5707963267948966, 0.0, 1.5707963267948966], [0.0, 0.0, 0.0, 0.0], [2.0, 1.5707963267948966, 1.0, 0.0], [2.0, -1.5707963267948966, 0.0, -1.5707963267948966], [0.0, 1.5707963267948966, 1.0, 0.0], [1.0, -1.5707963267948966, 0.0, -1.5707963267948966], [2.0, 1.5707963267948966, 0.0, -1.5707963267948966], [0.0, -1.5707963267948966, 0.0, 1.5707963267948966], [0.0, 1.5707963267948966, 1.0, -1.5707963267948966], [1.0, -1.5707963267948966, 1.0, -1.5707963267948966], [0.0, -1.5707963267948966, 0.0, -1.5707963267948966], [2.0, 1.5707963267948966, 1.0, 1.5707963267948966], [0.0, 0.0, 0.0, 1.5707963267948966], [1.0, 0.0, 0.0, 1.5707963267948966], [2.0, 0.0, 0.0, 0.0], [0.0, -1.5707963267948966, 1.0, -1.5707963267948966], [2.0, 0.0, 0.0, 1.5707963267948966], [1.0, 1.5707963267948966, 1.0, 1.5707963267948966], [1.0, 0.0, 0.0, -1.5707963267948966], [1.0, 1.5707963267948966, 0.0, -1.5707963267948966], [0.0, 1.5707963267948966, 0.0, 1.5707963267948966], [2.0, 1.5707963267948966, 0.0, 1.5707963267948966], [0.0, -1.5707963267948966, 1.0, 0.0], [1.0, 1.5707963267948966, 0.0, 0.0], [0.0, -1.5707963267948966, 1.0, 1.5707963267948966], [1.0, -1.5707963267948966, 0.0, 1.5707963267948966], [2.0, 0.0, 0.0, -1.5707963267948966], [1.0, 0.0, 1.0, -1.5707963267948966], [2.0, 0.0, 1.0, 0.0], [0.0, 0.0, 1.0, 0.0], [2.0, -1.5707963267948966, 1.0, -1.5707963267948966], [1.0, 0.0, 0.0, 0.0], [2.0, -1.5707963267948966, 1.0, 0.0], [1.0, -1.5707963267948966, 0.0, 0.0], [0.0, -1.5707963267948966, 0.0, 0.0], [1.0, 1.5707963267948966, 0.0, 1.5707963267948966], [0.0, 0.0, 0.0, -1.5707963267948966], [0.0, 0.0, 1.0, -1.5707963267948966], [1.0, 1.5707963267948966, 1.0, 0.0], [1.0, 1.5707963267948966, 1.0, -1.5707963267948966], [1.0, 0.0, 1.0, 0.0], [0.0, 1.5707963267948966, 0.0, -1.5707963267948966], [1.0, -1.5707963267948966, 1.0, 0.0], [2.0, 0.0, 1.0, 1.5707963267948966], [0.0, 1.5707963267948966, 0.0, 0.0], [2.0, -1.5707963267948966, 0.0, 0.0], [2.0, -1.5707963267948966, 1.0, 1.5707963267948966]]
Choices weights: [47, 29, 36, 43, 38, 40, 39, 16, 26, 46, 12, 33, 17, 22, 6, 27, 17, 14, 41, 27, 28, 46, 15, 31, 42, 30, 28, 11, 34, 30, 27, 27, 15, 30, 37, 71, 38, 19, 33, 37, 21, 12, 20, 22, 26, 55, 27, 61, 13, 28, 52, 28, 23, 29]
Robust child: [9.0, 3.0, 0.0, 7.0, 3.0, 0.0, 4]
Select child UCT: [8.0, 3.0, 4.71238898038469, 7.0, 3.0, 0.0, 4]
Greedy child: [9.0, 3.0, 0.0, 6.0, 3.0, 1.5707963267948966, 4]
Searching game tree in timestep 4...
Actions to choose: [[2.0, -1.5707963267948966, 1.0, 1.5707963267948966], [0.0, 1.5707963267948966, 0.0, 1.5707963267948966], [2.0, 1.5707963267948966, 1.0, 1.5707963267948966], [2.0, -1.5707963267948966, 0.0, 0.0], [1.0, -1.5707963267948966, 0.0, 0.0], [1.0, 1.5707963267948966, 1.0, 1.5707963267948966], [2.0, 1.5707963267948966, 0.0, 0.0], [0.0, 1.5707963267948966, 0.0, -1.5707963267948966], [0.0, -1.5707963267948966, 1.0, 0.0], [0.0, 0.0, 1.0, 1.5707963267948966], [2.0, -1.5707963267948966, 1.0, 0.0], [0.0, -1.5707963267948966, 0.0, -1.5707963267948966], [1.0, -1.5707963267948966, 1.0, 0.0], [2.0, -1.5707963267948966, 0.0, 1.5707963267948966], [1.0, 0.0, 1.0, 0.0], [2.0, -1.5707963267948966, 1.0, -1.5707963267948966], [2.0, -1.5707963267948966, 0.0, -1.5707963267948966], [1.0, -1.5707963267948966, 0.0, 1.5707963267948966], [2.0, 1.5707963267948966, 0.0, -1.5707963267948966], [0.0, 0.0, 0.0, -1.5707963267948966], [2.0, 0.0, 0.0, 1.5707963267948966], [0.0, -1.5707963267948966, 0.0, 0.0], [0.0, 0.0, 1.0, -1.5707963267948966], [0.0, 1.5707963267948966, 0.0, 0.0], [1.0, 1.5707963267948966, 1.0, -1.5707963267948966], [1.0, 0.0, 0.0, -1.5707963267948966], [2.0, 0.0, 0.0, -1.5707963267948966], [2.0, 0.0, 0.0, 0.0], [0.0, 0.0, 0.0, 1.5707963267948966], [0.0, 1.5707963267948966, 1.0, 1.5707963267948966], [1.0, -1.5707963267948966, 1.0, 1.5707963267948966], [2.0, 1.5707963267948966, 0.0, 1.5707963267948966], [1.0, -1.5707963267948966, 0.0, -1.5707963267948966], [0.0, 1.5707963267948966, 1.0, -1.5707963267948966], [0.0, 1.5707963267948966, 1.0, 0.0], [0.0, -1.5707963267948966, 1.0, 1.5707963267948966], [0.0, 0.0, 1.0, 0.0], [0.0, -1.5707963267948966, 1.0, -1.5707963267948966], [1.0, 1.5707963267948966, 0.0, 1.5707963267948966], [2.0, 0.0, 1.0, -1.5707963267948966], [2.0, 1.5707963267948966, 1.0, 0.0], [1.0, -1.5707963267948966, 1.0, -1.5707963267948966], [0.0, -1.5707963267948966, 0.0, 1.5707963267948966], [1.0, 1.5707963267948966, 0.0, 0.0], [1.0, 0.0, 0.0, 0.0], [1.0, 0.0, 1.0, 1.5707963267948966], [2.0, 1.5707963267948966, 1.0, -1.5707963267948966], [2.0, 0.0, 1.0, 1.5707963267948966], [1.0, 1.5707963267948966, 1.0, 0.0], [1.0, 0.0, 1.0, -1.5707963267948966], [0.0, 0.0, 0.0, 0.0], [1.0, 1.5707963267948966, 0.0, -1.5707963267948966], [1.0, 0.0, 0.0, 1.5707963267948966], [2.0, 0.0, 1.0, 0.0]]
Choices weights: [48, 21, 32, 20, 26, 38, 48, 10, 32, 33, 38, 16, 38, 19, 65, 28, 23, 13, 21, 28, 33, 10, 31, 25, 31, 20, 27, 39, 24, 26, 18, 27, 24, 26, 35, 22, 37, 15, 30, 45, 40, 23, 14, 28, 27, 34, 38, 56, 39, 44, 23, 27, 27, 61]
Robust child: [10.0, 3.0, 0.0, 8.0, 3.0, 0.0, 5]
Select child UCT: [11.0, 3.0, 0.0, 7.0, 3.0, 4.71238898038469, 5]
Greedy child: [11.0, 3.0, 0.0, 7.0, 3.0, 4.71238898038469, 5]
Searching game tree in timestep 5...
Actions to choose: [[2.0, 0.0, 1.0, 1.5707963267948966], [1.0, 0.0, 0.0, 1.5707963267948966], [2.0, 1.5707963267948966, 0.0, 0.0], [2.0, 0.0, 1.0, 0.0], [0.0, -1.5707963267948966, 1.0, 0.0], [2.0, -1.5707963267948966, 0.0, -1.5707963267948966], [1.0, -1.5707963267948966, 1.0, -1.5707963267948966], [1.0, -1.5707963267948966, 0.0, -1.5707963267948966], [0.0, -1.5707963267948966, 0.0, 1.5707963267948966], [0.0, 1.5707963267948966, 0.0, 0.0], [0.0, 0.0, 1.0, 0.0], [0.0, -1.5707963267948966, 1.0, 1.5707963267948966], [2.0, -1.5707963267948966, 1.0, 1.5707963267948966], [0.0, 0.0, 0.0, 1.5707963267948966], [0.0, -1.5707963267948966, 0.0, 0.0], [2.0, 1.5707963267948966, 0.0, 1.5707963267948966], [0.0, 1.5707963267948966, 1.0, 0.0], [1.0, 0.0, 1.0, -1.5707963267948966], [2.0, -1.5707963267948966, 1.0, 0.0], [1.0, 1.5707963267948966, 1.0, -1.5707963267948966], [0.0, 0.0, 0.0, 0.0], [1.0, -1.5707963267948966, 1.0, 0.0], [1.0, -1.5707963267948966, 1.0, 1.5707963267948966], [2.0, -1.5707963267948966, 1.0, -1.5707963267948966], [2.0, 1.5707963267948966, 1.0, 1.5707963267948966], [1.0, 1.5707963267948966, 1.0, 1.5707963267948966], [1.0, 0.0, 0.0, 0.0], [1.0, 1.5707963267948966, 0.0, 0.0], [0.0, 0.0, 1.0, -1.5707963267948966], [0.0, 1.5707963267948966, 1.0, 1.5707963267948966], [0.0, -1.5707963267948966, 1.0, -1.5707963267948966], [2.0, 0.0, 1.0, -1.5707963267948966], [2.0, 1.5707963267948966, 0.0, -1.5707963267948966], [2.0, -1.5707963267948966, 0.0, 0.0], [2.0, 1.5707963267948966, 1.0, 0.0], [0.0, 1.5707963267948966, 1.0, -1.5707963267948966], [1.0, 1.5707963267948966, 0.0, -1.5707963267948966], [1.0, 0.0, 0.0, -1.5707963267948966], [0.0, 1.5707963267948966, 0.0, 1.5707963267948966], [1.0, 0.0, 1.0, 0.0], [0.0, -1.5707963267948966, 0.0, -1.5707963267948966], [1.0, -1.5707963267948966, 0.0, 0.0], [0.0, 1.5707963267948966, 0.0, -1.5707963267948966], [1.0, 0.0, 1.0, 1.5707963267948966], [1.0, -1.5707963267948966, 0.0, 1.5707963267948966], [2.0, 0.0, 0.0, 1.5707963267948966], [0.0, 0.0, 1.0, 1.5707963267948966], [2.0, 0.0, 0.0, 0.0], [1.0, 1.5707963267948966, 0.0, 1.5707963267948966], [0.0, 0.0, 0.0, -1.5707963267948966], [1.0, 1.5707963267948966, 1.0, 0.0], [2.0, -1.5707963267948966, 0.0, 1.5707963267948966], [2.0, 1.5707963267948966, 1.0, -1.5707963267948966], [2.0, 0.0, 0.0, -1.5707963267948966]]
Choices weights: [56, 24, 41, 56, 24, 35, 26, 15, 14, 16, 31, 22, 44, 30, 17, 28, 31, 46, 49, 30, 22, 36, 27, 47, 38, 29, 33, 22, 30, 19, 22, 34, 29, 27, 57, 22, 25, 24, 20, 33, 22, 24, 17, 39, 20, 27, 32, 36, 16, 19, 27, 36, 45, 26]
Robust child: [12.0, 3.0, 1.5707963267948966, 9.0, 3.0, 0.0, 6]
Select child UCT: [10.0, 3.0, 1.5707963267948966, 8.0, 3.0, 1.5707963267948966, 6]
Greedy child: [12.0, 3.0, 4.71238898038469, 8.0, 3.0, 4.71238898038469, 6]
Runtime: 43.01234292984009 s
