Searching game tree in timestep 0...
Actions to choose: [[0.0, 1.5707963267948966, 1.0, 1.5707963267948966], [2.0, -1.5707963267948966, 1.0, 0.0], [0.0, -1.5707963267948966, 0.0, 1.5707963267948966], [2.0, 1.5707963267948966, 0.0, -1.5707963267948966], [2.0, 1.5707963267948966, 1.0, 1.5707963267948966], [2.0, -1.5707963267948966, 1.0, -1.5707963267948966], [1.0, -1.5707963267948966, 1.0, 1.5707963267948966], [0.0, 0.0, 1.0, -1.5707963267948966], [2.0, -1.5707963267948966, 0.0, 0.0], [2.0, 0.0, 1.0, -1.5707963267948966], [2.0, 0.0, 1.0, 1.5707963267948966], [1.0, -1.5707963267948966, 1.0, 0.0], [0.0, 1.5707963267948966, 1.0, -1.5707963267948966], [1.0, 1.5707963267948966, 0.0, 0.0], [0.0, -1.5707963267948966, 1.0, 1.5707963267948966], [2.0, 0.0, 0.0, -1.5707963267948966], [0.0, 0.0, 0.0, -1.5707963267948966], [0.0, -1.5707963267948966, 0.0, 0.0], [1.0, -1.5707963267948966, 0.0, -1.5707963267948966], [2.0, 1.5707963267948966, 1.0, -1.5707963267948966], [2.0, 0.0, 1.0, 0.0], [0.0, 0.0, 0.0, 1.5707963267948966], [2.0, -1.5707963267948966, 0.0, -1.5707963267948966], [0.0, 1.5707963267948966, 1.0, 0.0], [1.0, -1.5707963267948966, 1.0, -1.5707963267948966], [1.0, 0.0, 1.0, -1.5707963267948966], [0.0, 0.0, 1.0, 1.5707963267948966], [1.0, 1.5707963267948966, 0.0, 1.5707963267948966], [1.0, 1.5707963267948966, 1.0, -1.5707963267948966], [2.0, 1.5707963267948966, 0.0, 0.0], [0.0, 1.5707963267948966, 0.0, 0.0], [1.0, 0.0, 1.0, 1.5707963267948966], [1.0, 1.5707963267948966, 1.0, 0.0], [0.0, 0.0, 1.0, 0.0], [1.0, 0.0, 1.0, 0.0], [2.0, 1.5707963267948966, 0.0, 1.5707963267948966], [1.0, 1.5707963267948966, 0.0, -1.5707963267948966], [0.0, -1.5707963267948966, 1.0, -1.5707963267948966], [0.0, 1.5707963267948966, 0.0, -1.5707963267948966], [2.0, -1.5707963267948966, 1.0, 1.5707963267948966], [2.0, 0.0, 0.0, 1.5707963267948966], [0.0, 1.5707963267948966, 0.0, 1.5707963267948966], [0.0, 0.0, 0.0, 0.0], [2.0, 1.5707963267948966, 1.0, 0.0], [1.0, 0.0, 0.0, -1.5707963267948966], [1.0, 1.5707963267948966, 1.0, 1.5707963267948966], [1.0, 0.0, 0.0, 1.5707963267948966], [1.0, -1.5707963267948966, 0.0, 1.5707963267948966], [0.0, -1.5707963267948966, 1.0, 0.0], [2.0, 0.0, 0.0, 0.0], [1.0, 0.0, 0.0, 0.0], [1.0, -1.5707963267948966, 0.0, 0.0], [2.0, -1.5707963267948966, 0.0, 1.5707963267948966], [0.0, -1.5707963267948966, 0.0, -1.5707963267948966]]
Choices weights: [26, 45, 14, 23, 37, 33, 24, 23, 29, 45, 46, 30, 14, 27, 24, 47, 21, 25, 25, 34, 70, 20, 22, 20, 25, 33, 28, 22, 29, 32, 25, 37, 33, 40, 56, 23, 19, 17, 10, 32, 47, 19, 28, 35, 25, 29, 19, 19, 27, 46, 29, 22, 15, 9]
Robust child: [3.0, 3.0, 0.0, 4.0, 3.0, 0.0, 1]
Select child UCT: [3.0, 3.0, 0.0, 4.0, 3.0, 0.0, 1]
Greedy child: [3.0, 3.0, 0.0, 4.0, 3.0, 0.0, 1]
Searching game tree in timestep 1...
Actions to choose: [[2.0, 1.5707963267948966, 0.0, -1.5707963267948966], [1.0, 1.5707963267948966, 1.0, 0.0], [0.0, -1.5707963267948966, 1.0, 1.5707963267948966], [2.0, 1.5707963267948966, 1.0, 1.5707963267948966], [1.0, 1.5707963267948966, 1.0, -1.5707963267948966], [2.0, 0.0, 0.0, -1.5707963267948966], [1.0, 0.0, 0.0, -1.5707963267948966], [2.0, 1.5707963267948966, 0.0, 1.5707963267948966], [2.0, 0.0, 1.0, 1.5707963267948966], [1.0, -1.5707963267948966, 0.0, -1.5707963267948966], [0.0, 0.0, 0.0, -1.5707963267948966], [0.0, -1.5707963267948966, 1.0, -1.5707963267948966], [0.0, -1.5707963267948966, 0.0, 0.0], [2.0, 1.5707963267948966, 0.0, 0.0], [0.0, 1.5707963267948966, 1.0, 1.5707963267948966], [1.0, -1.5707963267948966, 1.0, -1.5707963267948966], [1.0, 0.0, 1.0, 0.0], [0.0, 1.5707963267948966, 0.0, 1.5707963267948966], [2.0, -1.5707963267948966, 1.0, 1.5707963267948966], [1.0, 0.0, 0.0, 0.0], [0.0, 0.0, 1.0, -1.5707963267948966], [0.0, 0.0, 0.0, 0.0], [1.0, -1.5707963267948966, 1.0, 1.5707963267948966], [0.0, 0.0, 0.0, 1.5707963267948966], [2.0, 1.5707963267948966, 1.0, 0.0], [2.0, 0.0, 1.0, 0.0], [2.0, 0.0, 0.0, 1.5707963267948966], [2.0, -1.5707963267948966, 0.0, 0.0], [0.0, 1.5707963267948966, 0.0, 0.0], [0.0, -1.5707963267948966, 0.0, 1.5707963267948966], [0.0, 0.0, 1.0, 0.0], [2.0, -1.5707963267948966, 0.0, -1.5707963267948966], [2.0, -1.5707963267948966, 0.0, 1.5707963267948966], [1.0, 0.0, 1.0, -1.5707963267948966], [1.0, 0.0, 1.0, 1.5707963267948966], [2.0, -1.5707963267948966, 1.0, -1.5707963267948966], [1.0, -1.5707963267948966, 0.0, 1.5707963267948966], [2.0, 0.0, 1.0, -1.5707963267948966], [1.0, -1.5707963267948966, 0.0, 0.0], [1.0, 1.5707963267948966, 0.0, -1.5707963267948966], [1.0, 1.5707963267948966, 0.0, 1.5707963267948966], [1.0, -1.5707963267948966, 1.0, 0.0], [0.0, -1.5707963267948966, 0.0, -1.5707963267948966], [1.0, 0.0, 0.0, 1.5707963267948966], [2.0, -1.5707963267948966, 1.0, 0.0], [0.0, -1.5707963267948966, 1.0, 0.0], [2.0, 0.0, 0.0, 0.0], [0.0, 1.5707963267948966, 1.0, -1.5707963267948966], [0.0, 1.5707963267948966, 1.0, 0.0], [0.0, 1.5707963267948966, 0.0, -1.5707963267948966], [1.0, 1.5707963267948966, 0.0, 0.0], [1.0, 1.5707963267948966, 1.0, 1.5707963267948966], [2.0, 1.5707963267948966, 1.0, -1.5707963267948966], [0.0, 0.0, 1.0, 1.5707963267948966]]
Choices weights: [30, 36, 26, 42, 26, 38, 24, 20, 56, 21, 19, 23, 13, 27, 17, 30, 45, 20, 28, 37, 35, 29, 26, 27, 40, 85, 45, 33, 16, 16, 29, 26, 22, 41, 36, 28, 19, 59, 24, 13, 20, 29, 12, 24, 60, 31, 47, 25, 27, 19, 25, 16, 30, 30]
Robust child: [5.0, 3.0, 0.0, 5.0, 3.0, 0.0, 2]
Select child UCT: [3.0, 3.0, 4.71238898038469, 4.0, 3.0, 1.5707963267948966, 2]
Greedy child: [5.0, 3.0, 0.0, 5.0, 3.0, 0.0, 2]
Searching game tree in timestep 2...
Actions to choose: [[0.0, 1.5707963267948966, 1.0, -1.5707963267948966], [0.0, 0.0, 0.0, -1.5707963267948966], [2.0, 1.5707963267948966, 0.0, 0.0], [0.0, 0.0, 1.0, -1.5707963267948966], [0.0, 0.0, 0.0, 1.5707963267948966], [1.0, 0.0, 1.0, 1.5707963267948966], [1.0, 0.0, 1.0, -1.5707963267948966], [0.0, 1.5707963267948966, 1.0, 1.5707963267948966], [0.0, 0.0, 1.0, 1.5707963267948966], [1.0, 1.5707963267948966, 0.0, 1.5707963267948966], [1.0, 1.5707963267948966, 0.0, 0.0], [1.0, 1.5707963267948966, 0.0, -1.5707963267948966], [0.0, -1.5707963267948966, 1.0, -1.5707963267948966], [2.0, 1.5707963267948966, 0.0, -1.5707963267948966], [2.0, -1.5707963267948966, 1.0, 0.0], [1.0, -1.5707963267948966, 1.0, 1.5707963267948966], [2.0, -1.5707963267948966, 0.0, 1.5707963267948966], [2.0, 0.0, 0.0, -1.5707963267948966], [1.0, 1.5707963267948966, 1.0, -1.5707963267948966], [0.0, -1.5707963267948966, 0.0, 1.5707963267948966], [1.0, 0.0, 0.0, 1.5707963267948966], [2.0, 1.5707963267948966, 1.0, 1.5707963267948966], [2.0, 0.0, 0.0, 1.5707963267948966], [0.0, -1.5707963267948966, 0.0, 0.0], [1.0, 1.5707963267948966, 1.0, 0.0], [0.0, -1.5707963267948966, 1.0, 0.0], [1.0, -1.5707963267948966, 0.0, 0.0], [1.0, 0.0, 0.0, 0.0], [0.0, 1.5707963267948966, 0.0, 0.0], [0.0, 0.0, 1.0, 0.0], [2.0, -1.5707963267948966, 0.0, 0.0], [2.0, 0.0, 0.0, 0.0], [2.0, -1.5707963267948966, 0.0, -1.5707963267948966], [0.0, -1.5707963267948966, 1.0, 1.5707963267948966], [2.0, 1.5707963267948966, 1.0, -1.5707963267948966], [0.0, 1.5707963267948966, 0.0, -1.5707963267948966], [2.0, 0.0, 1.0, 1.5707963267948966], [2.0, -1.5707963267948966, 1.0, 1.5707963267948966], [1.0, 0.0, 1.0, 0.0], [1.0, -1.5707963267948966, 0.0, -1.5707963267948966], [1.0, 0.0, 0.0, -1.5707963267948966], [2.0, 0.0, 1.0, 0.0], [1.0, -1.5707963267948966, 1.0, -1.5707963267948966], [2.0, 1.5707963267948966, 1.0, 0.0], [0.0, 0.0, 0.0, 0.0], [2.0, 0.0, 1.0, -1.5707963267948966], [0.0, -1.5707963267948966, 0.0, -1.5707963267948966], [1.0, 1.5707963267948966, 1.0, 1.5707963267948966], [0.0, 1.5707963267948966, 1.0, 0.0], [0.0, 1.5707963267948966, 0.0, 1.5707963267948966], [1.0, -1.5707963267948966, 0.0, 1.5707963267948966], [2.0, 1.5707963267948966, 0.0, 1.5707963267948966], [1.0, -1.5707963267948966, 1.0, 0.0], [2.0, -1.5707963267948966, 1.0, -1.5707963267948966]]
Choices weights: [15, 19, 37, 31, 16, 47, 46, 17, 29, 23, 25, 18, 24, 20, 45, 27, 25, 42, 27, 20, 29, 37, 43, 22, 34, 21, 24, 41, 21, 42, 29, 47, 27, 20, 34, 17, 60, 33, 49, 18, 30, 57, 21, 50, 25, 53, 15, 31, 28, 21, 20, 26, 37, 22]
Robust child: [7.0, 3.0, 0.0, 6.0, 3.0, 1.5707963267948966, 3]
Select child UCT: [5.0, 3.0, 4.71238898038469, 6.0, 3.0, 0.0, 3]
Greedy child: [7.0, 3.0, 0.0, 5.0, 3.0, 4.71238898038469, 3]
Searching game tree in timestep 3...
Actions to choose: [[1.0, 0.0, 1.0, -1.5707963267948966], [0.0, 1.5707963267948966, 0.0, 0.0], [0.0, 0.0, 1.0, 1.5707963267948966], [2.0, -1.5707963267948966, 1.0, 0.0], [1.0, 1.5707963267948966, 1.0, 0.0], [1.0, 1.5707963267948966, 0.0, 1.5707963267948966], [2.0, 0.0, 0.0, -1.5707963267948966], [2.0, 1.5707963267948966, 0.0, -1.5707963267948966], [2.0, -1.5707963267948966, 0.0, -1.5707963267948966], [2.0, 0.0, 1.0, 1.5707963267948966], [1.0, -1.5707963267948966, 0.0, -1.5707963267948966], [1.0, 0.0, 1.0, 1.5707963267948966], [2.0, 1.5707963267948966, 0.0, 1.5707963267948966], [0.0, 0.0, 0.0, 0.0], [0.0, 1.5707963267948966, 0.0, -1.5707963267948966], [1.0, 0.0, 0.0, 0.0], [1.0, 0.0, 0.0, 1.5707963267948966], [0.0, 1.5707963267948966, 1.0, -1.5707963267948966], [0.0, 0.0, 1.0, 0.0], [0.0, -1.5707963267948966, 1.0, 1.5707963267948966], [0.0, -1.5707963267948966, 1.0, 0.0], [2.0, 0.0, 0.0, 0.0], [0.0, 0.0, 0.0, -1.5707963267948966], [2.0, 0.0, 1.0, 0.0], [0.0, -1.5707963267948966, 0.0, 1.5707963267948966], [1.0, 1.5707963267948966, 0.0, 0.0], [2.0, 1.5707963267948966, 1.0, 1.5707963267948966], [0.0, 1.5707963267948966, 1.0, 0.0], [1.0, 1.5707963267948966, 0.0, -1.5707963267948966], [0.0, -1.5707963267948966, 0.0, -1.5707963267948966], [2.0, -1.5707963267948966, 0.0, 1.5707963267948966], [1.0, 0.0, 0.0, -1.5707963267948966], [2.0, 1.5707963267948966, 1.0, 0.0], [1.0, -1.5707963267948966, 1.0, 0.0], [0.0, -1.5707963267948966, 0.0, 0.0], [2.0, 0.0, 1.0, -1.5707963267948966], [1.0, 1.5707963267948966, 1.0, 1.5707963267948966], [2.0, -1.5707963267948966, 1.0, -1.5707963267948966], [0.0, 0.0, 1.0, -1.5707963267948966], [1.0, -1.5707963267948966, 0.0, 0.0], [2.0, 1.5707963267948966, 0.0, 0.0], [2.0, -1.5707963267948966, 0.0, 0.0], [0.0, 1.5707963267948966, 0.0, 1.5707963267948966], [2.0, 1.5707963267948966, 1.0, -1.5707963267948966], [0.0, 1.5707963267948966, 1.0, 1.5707963267948966], [1.0, -1.5707963267948966, 1.0, -1.5707963267948966], [2.0, 0.0, 0.0, 1.5707963267948966], [1.0, 0.0, 1.0, 0.0], [0.0, 0.0, 0.0, 1.5707963267948966], [2.0, -1.5707963267948966, 1.0, 1.5707963267948966], [1.0, 1.5707963267948966, 1.0, -1.5707963267948966], [0.0, -1.5707963267948966, 1.0, -1.5707963267948966], [1.0, -1.5707963267948966, 0.0, 1.5707963267948966], [1.0, -1.5707963267948966, 1.0, 1.5707963267948966]]
Choices weights: [47, 31, 24, 31, 31, 30, 64, 33, 31, 27, 25, 25, 24, 26, 34, 42, 28, 31, 26, 13, 19, 40, 34, 51, 15, 35, 29, 23, 37, 21, 11, 46, 55, 25, 16, 58, 22, 30, 45, 20, 34, 23, 20, 40, 15, 27, 26, 35, 17, 24, 43, 22, 18, 13]
Robust child: [9.0, 3.0, 0.0, 6.0, 3.0, 0.0, 4]
Select child UCT: [9.0, 3.0, 0.0, 6.0, 3.0, 1.5707963267948966, 4]
Greedy child: [9.0, 3.0, 0.0, 6.0, 3.0, 3.141592653589793, 4]
Searching game tree in timestep 4...
Actions to choose: [[0.0, 1.5707963267948966, 1.0, 0.0], [0.0, 0.0, 1.0, -1.5707963267948966], [2.0, -1.5707963267948966, 1.0, -1.5707963267948966], [0.0, -1.5707963267948966, 1.0, 0.0], [0.0, 1.5707963267948966, 0.0, -1.5707963267948966], [1.0, -1.5707963267948966, 0.0, 0.0], [1.0, 0.0, 1.0, -1.5707963267948966], [1.0, -1.5707963267948966, 1.0, 1.5707963267948966], [0.0, 0.0, 1.0, 0.0], [0.0, -1.5707963267948966, 1.0, 1.5707963267948966], [2.0, 0.0, 0.0, 1.5707963267948966], [0.0, -1.5707963267948966, 1.0, -1.5707963267948966], [0.0, 1.5707963267948966, 1.0, 1.5707963267948966], [0.0, -1.5707963267948966, 0.0, 0.0], [2.0, 0.0, 1.0, -1.5707963267948966], [2.0, -1.5707963267948966, 0.0, 1.5707963267948966], [1.0, 1.5707963267948966, 0.0, 1.5707963267948966], [2.0, -1.5707963267948966, 0.0, 0.0], [0.0, -1.5707963267948966, 0.0, -1.5707963267948966], [1.0, 0.0, 1.0, 1.5707963267948966], [1.0, -1.5707963267948966, 0.0, 1.5707963267948966], [1.0, 1.5707963267948966, 1.0, 1.5707963267948966], [0.0, 0.0, 0.0, -1.5707963267948966], [1.0, -1.5707963267948966, 1.0, 0.0], [2.0, 1.5707963267948966, 1.0, -1.5707963267948966], [1.0, 1.5707963267948966, 0.0, 0.0], [2.0, -1.5707963267948966, 1.0, 0.0], [2.0, 1.5707963267948966, 1.0, 0.0], [1.0, 1.5707963267948966, 1.0, 0.0], [2.0, 0.0, 0.0, 0.0], [1.0, -1.5707963267948966, 0.0, -1.5707963267948966], [0.0, 0.0, 0.0, 0.0], [1.0, 1.5707963267948966, 0.0, -1.5707963267948966], [2.0, 0.0, 1.0, 0.0], [2.0, -1.5707963267948966, 1.0, 1.5707963267948966], [1.0, 0.0, 0.0, -1.5707963267948966], [1.0, 0.0, 1.0, 0.0], [2.0, 0.0, 0.0, -1.5707963267948966], [0.0, 1.5707963267948966, 1.0, -1.5707963267948966], [1.0, -1.5707963267948966, 1.0, -1.5707963267948966], [2.0, 0.0, 1.0, 1.5707963267948966], [1.0, 0.0, 0.0, 1.5707963267948966], [1.0, 1.5707963267948966, 1.0, -1.5707963267948966], [2.0, 1.5707963267948966, 0.0, 1.5707963267948966], [0.0, 0.0, 0.0, 1.5707963267948966], [0.0, 0.0, 1.0, 1.5707963267948966], [2.0, 1.5707963267948966, 1.0, 1.5707963267948966], [0.0, 1.5707963267948966, 0.0, 1.5707963267948966], [2.0, 1.5707963267948966, 0.0, -1.5707963267948966], [0.0, 1.5707963267948966, 0.0, 0.0], [0.0, -1.5707963267948966, 0.0, 1.5707963267948966], [2.0, 1.5707963267948966, 0.0, 0.0], [1.0, 0.0, 0.0, 0.0], [2.0, -1.5707963267948966, 0.0, -1.5707963267948966]]
Choices weights: [36, 21, 25, 25, 16, 21, 35, 23, 41, 23, 24, 19, 17, 17, 45, 27, 33, 30, 15, 42, 21, 33, 29, 36, 37, 31, 41, 50, 33, 39, 23, 24, 17, 54, 33, 30, 56, 31, 27, 28, 56, 23, 35, 31, 17, 39, 33, 20, 19, 27, 20, 30, 35, 23]
Robust child: [10.0, 3.0, 0.0, 7.0, 3.0, 0.0, 5]
Select child UCT: [9.0, 3.0, 0.0, 7.0, 3.0, 0.0, 5]
Greedy child: [11.0, 3.0, 0.0, 6.0, 3.0, 4.71238898038469, 5]
Searching game tree in timestep 5...
Actions to choose: [[2.0, 0.0, 0.0, -1.5707963267948966], [2.0, 1.5707963267948966, 0.0, -1.5707963267948966], [0.0, 0.0, 0.0, 0.0], [2.0, 1.5707963267948966, 0.0, 1.5707963267948966], [2.0, 0.0, 1.0, -1.5707963267948966], [0.0, 1.5707963267948966, 0.0, 1.5707963267948966], [0.0, -1.5707963267948966, 0.0, 1.5707963267948966], [0.0, 1.5707963267948966, 0.0, 0.0], [0.0, -1.5707963267948966, 1.0, -1.5707963267948966], [2.0, 0.0, 1.0, 0.0], [1.0, 0.0, 0.0, 0.0], [0.0, 1.5707963267948966, 1.0, 0.0], [0.0, 0.0, 1.0, 0.0], [0.0, -1.5707963267948966, 1.0, 0.0], [1.0, -1.5707963267948966, 0.0, -1.5707963267948966], [0.0, -1.5707963267948966, 0.0, 0.0], [1.0, -1.5707963267948966, 0.0, 0.0], [2.0, 0.0, 1.0, 1.5707963267948966], [0.0, -1.5707963267948966, 0.0, -1.5707963267948966], [0.0, 1.5707963267948966, 1.0, 1.5707963267948966], [1.0, 0.0, 1.0, -1.5707963267948966], [2.0, 1.5707963267948966, 1.0, -1.5707963267948966], [0.0, 1.5707963267948966, 1.0, -1.5707963267948966], [2.0, 1.5707963267948966, 1.0, 0.0], [2.0, -1.5707963267948966, 1.0, 1.5707963267948966], [1.0, 1.5707963267948966, 1.0, 0.0], [2.0, -1.5707963267948966, 0.0, -1.5707963267948966], [2.0, 0.0, 0.0, 1.5707963267948966], [1.0, -1.5707963267948966, 1.0, 0.0], [2.0, -1.5707963267948966, 0.0, 1.5707963267948966], [1.0, -1.5707963267948966, 1.0, -1.5707963267948966], [2.0, 1.5707963267948966, 1.0, 1.5707963267948966], [1.0, 1.5707963267948966, 0.0, 0.0], [1.0, 0.0, 1.0, 1.5707963267948966], [2.0, -1.5707963267948966, 1.0, -1.5707963267948966], [1.0, 1.5707963267948966, 1.0, 1.5707963267948966], [1.0, 0.0, 1.0, 0.0], [2.0, -1.5707963267948966, 0.0, 0.0], [1.0, 0.0, 0.0, 1.5707963267948966], [1.0, 0.0, 0.0, -1.5707963267948966], [1.0, 1.5707963267948966, 0.0, 1.5707963267948966], [0.0, 1.5707963267948966, 0.0, -1.5707963267948966], [0.0, 0.0, 0.0, 1.5707963267948966], [2.0, 1.5707963267948966, 0.0, 0.0], [1.0, -1.5707963267948966, 1.0, 1.5707963267948966], [0.0, 0.0, 1.0, -1.5707963267948966], [2.0, 0.0, 0.0, 0.0], [2.0, -1.5707963267948966, 1.0, 0.0], [1.0, -1.5707963267948966, 0.0, 1.5707963267948966], [0.0, 0.0, 0.0, -1.5707963267948966], [1.0, 1.5707963267948966, 0.0, -1.5707963267948966], [0.0, 0.0, 1.0, 1.5707963267948966], [1.0, 1.5707963267948966, 1.0, -1.5707963267948966], [0.0, -1.5707963267948966, 1.0, 1.5707963267948966]]
Choices weights: [29, 37, 24, 22, 42, 18, 17, 21, 16, 59, 32, 25, 33, 31, 17, 16, 25, 31, 24, 28, 45, 51, 25, 40, 58, 33, 32, 35, 38, 29, 20, 45, 19, 33, 37, 27, 44, 30, 22, 19, 28, 16, 33, 34, 31, 23, 35, 43, 16, 18, 20, 28, 30, 24]
Robust child: [12.0, 3.0, 0.0, 8.0, 3.0, 0.0, 6]
Select child UCT: [12.0, 3.0, 1.5707963267948966, 8.0, 3.0, 4.71238898038469, 6]
Greedy child: [12.0, 3.0, 0.0, 7.0, 3.0, 4.71238898038469, 6]
Runtime: 42.05727744102478 s
