Searching game tree in timestep 0...
Actions to choose: [[2.0, 1.5707963267948966, 0.0, 0.0], [0.0, 0.0, 0.0, -1.5707963267948966], [0.0, 0.0, 0.0, 0.0], [2.0, -1.5707963267948966, 1.0, 1.5707963267948966], [1.0, 1.5707963267948966, 0.0, 0.0], [2.0, -1.5707963267948966, 0.0, -1.5707963267948966], [2.0, 1.5707963267948966, 0.0, 1.5707963267948966], [1.0, 0.0, 1.0, 0.0], [2.0, -1.5707963267948966, 1.0, -1.5707963267948966], [1.0, -1.5707963267948966, 1.0, 0.0], [1.0, 1.5707963267948966, 1.0, -1.5707963267948966], [1.0, 0.0, 0.0, -1.5707963267948966], [1.0, 1.5707963267948966, 1.0, 0.0], [0.0, -1.5707963267948966, 0.0, 1.5707963267948966], [0.0, 1.5707963267948966, 1.0, -1.5707963267948966], [2.0, 0.0, 1.0, -1.5707963267948966], [0.0, -1.5707963267948966, 1.0, -1.5707963267948966], [0.0, -1.5707963267948966, 0.0, -1.5707963267948966], [1.0, 0.0, 1.0, -1.5707963267948966], [2.0, 0.0, 1.0, 1.5707963267948966], [1.0, 0.0, 1.0, 1.5707963267948966], [2.0, 1.5707963267948966, 1.0, 0.0], [2.0, 0.0, 1.0, 0.0], [2.0, 1.5707963267948966, 1.0, 1.5707963267948966], [2.0, 1.5707963267948966, 0.0, -1.5707963267948966], [2.0, 1.5707963267948966, 1.0, -1.5707963267948966], [0.0, 0.0, 1.0, 1.5707963267948966], [0.0, 1.5707963267948966, 1.0, 0.0], [0.0, 1.5707963267948966, 0.0, 1.5707963267948966], [2.0, -1.5707963267948966, 0.0, 0.0], [0.0, 0.0, 0.0, 1.5707963267948966], [1.0, 0.0, 0.0, 1.5707963267948966], [1.0, -1.5707963267948966, 1.0, -1.5707963267948966], [0.0, -1.5707963267948966, 1.0, 0.0], [2.0, -1.5707963267948966, 0.0, 1.5707963267948966], [0.0, 1.5707963267948966, 1.0, 1.5707963267948966], [0.0, -1.5707963267948966, 1.0, 1.5707963267948966], [2.0, 0.0, 0.0, 1.5707963267948966], [1.0, 1.5707963267948966, 0.0, -1.5707963267948966], [2.0, -1.5707963267948966, 1.0, 0.0], [1.0, -1.5707963267948966, 1.0, 1.5707963267948966], [1.0, -1.5707963267948966, 0.0, -1.5707963267948966], [2.0, 0.0, 0.0, -1.5707963267948966], [1.0, 1.5707963267948966, 1.0, 1.5707963267948966], [0.0, 1.5707963267948966, 0.0, -1.5707963267948966], [1.0, 0.0, 0.0, 0.0], [0.0, -1.5707963267948966, 0.0, 0.0], [0.0, 0.0, 1.0, 0.0], [1.0, -1.5707963267948966, 0.0, 1.5707963267948966], [0.0, 1.5707963267948966, 0.0, 0.0], [2.0, 0.0, 0.0, 0.0], [1.0, 1.5707963267948966, 0.0, 1.5707963267948966], [0.0, 0.0, 1.0, -1.5707963267948966], [1.0, -1.5707963267948966, 0.0, 0.0]]
Choices weights: [17, 16, 19, 25, 14, 16, 25, 31, 24, 29, 19, 19, 26, 11, 14, 28, 16, 9, 23, 33, 21, 34, 42, 16, 15, 30, 24, 20, 11, 28, 11, 18, 16, 17, 6, 18, 13, 27, 14, 30, 24, 11, 14, 18, 11, 19, 9, 24, 15, 9, 28, 10, 20, 17]
Robust child: [3.0, 3.0, 0.0, 4.0, 3.0, 0.0, 1]
Select child UCT: [3.0, 3.0, 1.5707963267948966, 3.0, 3.0, 0.0, 1]
Greedy child: [3.0, 3.0, 0.0, 4.0, 3.0, 0.0, 1]
Searching game tree in timestep 1...
Actions to choose: [[1.0, 1.5707963267948966, 1.0, 1.5707963267948966], [0.0, 1.5707963267948966, 0.0, -1.5707963267948966], [0.0, 0.0, 0.0, 0.0], [2.0, 0.0, 1.0, 1.5707963267948966], [2.0, -1.5707963267948966, 0.0, 0.0], [2.0, 1.5707963267948966, 0.0, -1.5707963267948966], [0.0, -1.5707963267948966, 0.0, 0.0], [2.0, 0.0, 0.0, 0.0], [0.0, 1.5707963267948966, 1.0, -1.5707963267948966], [0.0, 0.0, 0.0, -1.5707963267948966], [2.0, 0.0, 0.0, 1.5707963267948966], [0.0, 1.5707963267948966, 1.0, 0.0], [2.0, 0.0, 0.0, -1.5707963267948966], [1.0, -1.5707963267948966, 1.0, 1.5707963267948966], [1.0, 0.0, 0.0, 0.0], [1.0, -1.5707963267948966, 0.0, 1.5707963267948966], [0.0, 0.0, 1.0, -1.5707963267948966], [2.0, 1.5707963267948966, 1.0, 1.5707963267948966], [2.0, -1.5707963267948966, 1.0, 0.0], [1.0, 0.0, 1.0, -1.5707963267948966], [2.0, -1.5707963267948966, 0.0, 1.5707963267948966], [1.0, 0.0, 0.0, 1.5707963267948966], [1.0, -1.5707963267948966, 1.0, -1.5707963267948966], [2.0, 1.5707963267948966, 0.0, 0.0], [0.0, -1.5707963267948966, 1.0, -1.5707963267948966], [0.0, -1.5707963267948966, 1.0, 0.0], [2.0, 1.5707963267948966, 1.0, 0.0], [1.0, 1.5707963267948966, 0.0, 1.5707963267948966], [2.0, 1.5707963267948966, 0.0, 1.5707963267948966], [1.0, 0.0, 1.0, 0.0], [1.0, -1.5707963267948966, 1.0, 0.0], [2.0, 0.0, 1.0, -1.5707963267948966], [2.0, 0.0, 1.0, 0.0], [0.0, -1.5707963267948966, 0.0, 1.5707963267948966], [0.0, 0.0, 1.0, 1.5707963267948966], [0.0, 1.5707963267948966, 0.0, 0.0], [2.0, -1.5707963267948966, 1.0, -1.5707963267948966], [1.0, 1.5707963267948966, 1.0, -1.5707963267948966], [0.0, 0.0, 1.0, 0.0], [1.0, 1.5707963267948966, 0.0, -1.5707963267948966], [1.0, 1.5707963267948966, 0.0, 0.0], [0.0, 1.5707963267948966, 0.0, 1.5707963267948966], [1.0, 0.0, 0.0, -1.5707963267948966], [0.0, -1.5707963267948966, 1.0, 1.5707963267948966], [2.0, -1.5707963267948966, 1.0, 1.5707963267948966], [0.0, -1.5707963267948966, 0.0, -1.5707963267948966], [1.0, 1.5707963267948966, 1.0, 0.0], [1.0, -1.5707963267948966, 0.0, -1.5707963267948966], [2.0, 1.5707963267948966, 1.0, -1.5707963267948966], [0.0, 0.0, 0.0, 1.5707963267948966], [1.0, -1.5707963267948966, 0.0, 0.0], [2.0, -1.5707963267948966, 0.0, -1.5707963267948966], [0.0, 1.5707963267948966, 1.0, 1.5707963267948966], [1.0, 0.0, 1.0, 1.5707963267948966]]
Choices weights: [19, 15, 18, 30, 27, 25, 17, 27, 16, 20, 26, 14, 28, 16, 26, 10, 25, 20, 28, 31, 15, 19, 12, 24, 11, 24, 32, 13, 11, 28, 15, 35, 42, 8, 17, 13, 20, 17, 21, 18, 22, 14, 23, 15, 26, 14, 23, 9, 19, 12, 24, 16, 18, 26]
Robust child: [5.0, 3.0, 0.0, 5.0, 3.0, 0.0, 2]
Select child UCT: [4.0, 3.0, 0.0, 5.0, 3.0, 0.0, 2]
Greedy child: [5.0, 3.0, 0.0, 5.0, 3.0, 0.0, 2]
Searching game tree in timestep 2...
Actions to choose: [[0.0, -1.5707963267948966, 0.0, -1.5707963267948966], [0.0, 1.5707963267948966, 0.0, 0.0], [0.0, 1.5707963267948966, 1.0, 0.0], [2.0, 0.0, 0.0, -1.5707963267948966], [1.0, 1.5707963267948966, 0.0, -1.5707963267948966], [0.0, 0.0, 1.0, 0.0], [0.0, 0.0, 0.0, -1.5707963267948966], [1.0, 0.0, 0.0, 0.0], [2.0, 1.5707963267948966, 0.0, 0.0], [2.0, -1.5707963267948966, 0.0, 0.0], [0.0, 0.0, 1.0, -1.5707963267948966], [1.0, -1.5707963267948966, 1.0, 1.5707963267948966], [2.0, 0.0, 1.0, -1.5707963267948966], [0.0, 0.0, 0.0, 1.5707963267948966], [0.0, 1.5707963267948966, 0.0, -1.5707963267948966], [1.0, -1.5707963267948966, 0.0, 1.5707963267948966], [1.0, 1.5707963267948966, 1.0, 0.0], [0.0, 1.5707963267948966, 1.0, -1.5707963267948966], [2.0, -1.5707963267948966, 0.0, -1.5707963267948966], [2.0, 1.5707963267948966, 0.0, 1.5707963267948966], [0.0, 0.0, 1.0, 1.5707963267948966], [2.0, -1.5707963267948966, 1.0, -1.5707963267948966], [2.0, 0.0, 1.0, 0.0], [0.0, -1.5707963267948966, 1.0, -1.5707963267948966], [2.0, 0.0, 1.0, 1.5707963267948966], [1.0, 0.0, 1.0, 1.5707963267948966], [1.0, 0.0, 0.0, -1.5707963267948966], [2.0, 1.5707963267948966, 1.0, 1.5707963267948966], [2.0, 1.5707963267948966, 0.0, -1.5707963267948966], [0.0, -1.5707963267948966, 0.0, 1.5707963267948966], [2.0, -1.5707963267948966, 0.0, 1.5707963267948966], [2.0, 1.5707963267948966, 1.0, 0.0], [2.0, 0.0, 0.0, 1.5707963267948966], [2.0, -1.5707963267948966, 1.0, 1.5707963267948966], [1.0, -1.5707963267948966, 1.0, -1.5707963267948966], [2.0, 1.5707963267948966, 1.0, -1.5707963267948966], [1.0, 1.5707963267948966, 0.0, 1.5707963267948966], [2.0, -1.5707963267948966, 1.0, 0.0], [0.0, -1.5707963267948966, 0.0, 0.0], [1.0, 1.5707963267948966, 1.0, -1.5707963267948966], [1.0, -1.5707963267948966, 0.0, -1.5707963267948966], [1.0, -1.5707963267948966, 0.0, 0.0], [0.0, 0.0, 0.0, 0.0], [0.0, -1.5707963267948966, 1.0, 1.5707963267948966], [1.0, 1.5707963267948966, 0.0, 0.0], [0.0, -1.5707963267948966, 1.0, 0.0], [0.0, 1.5707963267948966, 1.0, 1.5707963267948966], [2.0, 0.0, 0.0, 0.0], [1.0, 1.5707963267948966, 1.0, 1.5707963267948966], [1.0, 0.0, 1.0, 0.0], [0.0, 1.5707963267948966, 0.0, 1.5707963267948966], [1.0, 0.0, 1.0, -1.5707963267948966], [1.0, 0.0, 0.0, 1.5707963267948966], [1.0, -1.5707963267948966, 1.0, 0.0]]
Choices weights: [6, 14, 15, 27, 12, 37, 13, 26, 19, 21, 27, 15, 30, 21, 12, 13, 30, 22, 17, 16, 17, 15, 48, 11, 26, 33, 11, 27, 21, 10, 15, 36, 25, 15, 16, 17, 20, 25, 10, 14, 9, 22, 23, 21, 23, 20, 20, 21, 18, 32, 12, 28, 22, 18]
Robust child: [7.0, 3.0, 0.0, 6.0, 3.0, 0.0, 3]
Select child UCT: [7.0, 3.0, 4.71238898038469, 5.0, 3.0, 1.5707963267948966, 3]
Greedy child: [7.0, 3.0, 0.0, 6.0, 3.0, 0.0, 3]
Searching game tree in timestep 3...
Actions to choose: [[2.0, 0.0, 1.0, 0.0], [0.0, -1.5707963267948966, 0.0, 0.0], [2.0, 1.5707963267948966, 1.0, -1.5707963267948966], [2.0, -1.5707963267948966, 0.0, 0.0], [1.0, 1.5707963267948966, 0.0, 0.0], [1.0, -1.5707963267948966, 1.0, -1.5707963267948966], [1.0, 0.0, 0.0, 1.5707963267948966], [2.0, 1.5707963267948966, 1.0, 0.0], [1.0, -1.5707963267948966, 0.0, 0.0], [2.0, -1.5707963267948966, 0.0, -1.5707963267948966], [0.0, 0.0, 1.0, 0.0], [1.0, 0.0, 1.0, -1.5707963267948966], [0.0, -1.5707963267948966, 0.0, 1.5707963267948966], [1.0, 0.0, 0.0, 0.0], [0.0, 1.5707963267948966, 1.0, 1.5707963267948966], [2.0, -1.5707963267948966, 0.0, 1.5707963267948966], [0.0, 1.5707963267948966, 1.0, -1.5707963267948966], [2.0, 0.0, 0.0, 1.5707963267948966], [1.0, 1.5707963267948966, 0.0, 1.5707963267948966], [1.0, 1.5707963267948966, 1.0, 1.5707963267948966], [1.0, 1.5707963267948966, 1.0, -1.5707963267948966], [0.0, 1.5707963267948966, 0.0, 0.0], [0.0, 1.5707963267948966, 1.0, 0.0], [2.0, 0.0, 0.0, -1.5707963267948966], [2.0, 1.5707963267948966, 1.0, 1.5707963267948966], [0.0, -1.5707963267948966, 1.0, 0.0], [1.0, 0.0, 1.0, 1.5707963267948966], [2.0, -1.5707963267948966, 1.0, -1.5707963267948966], [0.0, -1.5707963267948966, 1.0, 1.5707963267948966], [1.0, 0.0, 1.0, 0.0], [2.0, -1.5707963267948966, 1.0, 1.5707963267948966], [0.0, 0.0, 0.0, -1.5707963267948966], [2.0, -1.5707963267948966, 1.0, 0.0], [0.0, 0.0, 0.0, 1.5707963267948966], [2.0, 0.0, 1.0, 1.5707963267948966], [1.0, 1.5707963267948966, 0.0, -1.5707963267948966], [0.0, 0.0, 1.0, -1.5707963267948966], [1.0, -1.5707963267948966, 1.0, 0.0], [2.0, 0.0, 1.0, -1.5707963267948966], [1.0, 0.0, 0.0, -1.5707963267948966], [0.0, 1.5707963267948966, 0.0, -1.5707963267948966], [0.0, -1.5707963267948966, 1.0, -1.5707963267948966], [2.0, 1.5707963267948966, 0.0, 1.5707963267948966], [1.0, -1.5707963267948966, 1.0, 1.5707963267948966], [1.0, -1.5707963267948966, 0.0, -1.5707963267948966], [0.0, 0.0, 0.0, 0.0], [0.0, -1.5707963267948966, 0.0, -1.5707963267948966], [0.0, 1.5707963267948966, 0.0, 1.5707963267948966], [2.0, 1.5707963267948966, 0.0, 0.0], [2.0, 0.0, 0.0, 0.0], [0.0, 0.0, 1.0, 1.5707963267948966], [1.0, -1.5707963267948966, 0.0, 1.5707963267948966], [2.0, 1.5707963267948966, 0.0, -1.5707963267948966], [1.0, 1.5707963267948966, 1.0, 0.0]]
Choices weights: [38, 11, 23, 19, 19, 11, 25, 27, 20, 17, 33, 22, 12, 25, 17, 11, 18, 20, 8, 25, 26, 10, 27, 21, 30, 19, 30, 15, 17, 30, 24, 9, 25, 16, 33, 23, 18, 19, 29, 17, 14, 11, 23, 12, 14, 24, 8, 17, 20, 26, 23, 19, 21, 29]
Robust child: [9.0, 3.0, 0.0, 7.0, 3.0, 0.0, 4]
Select child UCT: [8.0, 3.0, 4.71238898038469, 7.0, 3.0, 0.0, 4]
Greedy child: [9.0, 3.0, 0.0, 6.0, 3.0, 4.71238898038469, 4]
Searching game tree in timestep 4...
Actions to choose: [[0.0, 1.5707963267948966, 1.0, -1.5707963267948966], [0.0, 0.0, 0.0, -1.5707963267948966], [1.0, -1.5707963267948966, 0.0, 1.5707963267948966], [1.0, -1.5707963267948966, 1.0, -1.5707963267948966], [1.0, 0.0, 0.0, 1.5707963267948966], [1.0, -1.5707963267948966, 1.0, 0.0], [1.0, 0.0, 1.0, 0.0], [2.0, -1.5707963267948966, 1.0, 1.5707963267948966], [2.0, 1.5707963267948966, 1.0, 1.5707963267948966], [0.0, 1.5707963267948966, 1.0, 0.0], [2.0, -1.5707963267948966, 0.0, 0.0], [0.0, -1.5707963267948966, 1.0, -1.5707963267948966], [2.0, -1.5707963267948966, 1.0, -1.5707963267948966], [1.0, 1.5707963267948966, 0.0, 0.0], [1.0, 1.5707963267948966, 1.0, 0.0], [0.0, 0.0, 0.0, 0.0], [1.0, 1.5707963267948966, 1.0, -1.5707963267948966], [1.0, 0.0, 0.0, -1.5707963267948966], [0.0, 0.0, 1.0, 1.5707963267948966], [2.0, -1.5707963267948966, 0.0, 1.5707963267948966], [2.0, 1.5707963267948966, 0.0, 1.5707963267948966], [0.0, 0.0, 1.0, -1.5707963267948966], [2.0, 0.0, 1.0, -1.5707963267948966], [0.0, 1.5707963267948966, 0.0, -1.5707963267948966], [2.0, -1.5707963267948966, 0.0, -1.5707963267948966], [0.0, 1.5707963267948966, 0.0, 0.0], [2.0, 0.0, 1.0, 0.0], [1.0, -1.5707963267948966, 0.0, -1.5707963267948966], [0.0, -1.5707963267948966, 0.0, -1.5707963267948966], [2.0, 0.0, 1.0, 1.5707963267948966], [0.0, 0.0, 0.0, 1.5707963267948966], [0.0, -1.5707963267948966, 1.0, 1.5707963267948966], [2.0, 1.5707963267948966, 0.0, 0.0], [1.0, -1.5707963267948966, 1.0, 1.5707963267948966], [1.0, 0.0, 1.0, -1.5707963267948966], [0.0, 0.0, 1.0, 0.0], [2.0, 0.0, 0.0, -1.5707963267948966], [2.0, 1.5707963267948966, 1.0, -1.5707963267948966], [0.0, 1.5707963267948966, 0.0, 1.5707963267948966], [2.0, 1.5707963267948966, 1.0, 0.0], [0.0, 1.5707963267948966, 1.0, 1.5707963267948966], [1.0, 0.0, 1.0, 1.5707963267948966], [1.0, 1.5707963267948966, 0.0, 1.5707963267948966], [0.0, -1.5707963267948966, 0.0, 1.5707963267948966], [1.0, 1.5707963267948966, 1.0, 1.5707963267948966], [0.0, -1.5707963267948966, 0.0, 0.0], [2.0, 1.5707963267948966, 0.0, -1.5707963267948966], [0.0, -1.5707963267948966, 1.0, 0.0], [2.0, -1.5707963267948966, 1.0, 0.0], [1.0, 1.5707963267948966, 0.0, -1.5707963267948966], [2.0, 0.0, 0.0, 0.0], [1.0, -1.5707963267948966, 0.0, 0.0], [1.0, 0.0, 0.0, 0.0], [2.0, 0.0, 0.0, 1.5707963267948966]]
Choices weights: [21, 9, 13, 15, 25, 23, 33, 17, 30, 21, 26, 16, 18, 22, 30, 22, 18, 20, 22, 16, 17, 24, 29, 11, 16, 13, 38, 15, 12, 36, 17, 12, 19, 17, 20, 23, 21, 23, 16, 29, 15, 23, 14, 10, 23, 13, 18, 19, 31, 18, 21, 15, 25, 20]
Robust child: [11.0, 3.0, 0.0, 8.0, 3.0, 0.0, 5]
Select child UCT: [9.0, 3.0, 1.5707963267948966, 8.0, 3.0, 0.0, 5]
Greedy child: [11.0, 3.0, 0.0, 7.0, 3.0, 4.71238898038469, 5]
Searching game tree in timestep 5...
Actions to choose: [[0.0, -1.5707963267948966, 1.0, -1.5707963267948966], [1.0, 0.0, 0.0, -1.5707963267948966], [1.0, 1.5707963267948966, 1.0, -1.5707963267948966], [0.0, 1.5707963267948966, 1.0, -1.5707963267948966], [2.0, 0.0, 0.0, 1.5707963267948966], [2.0, 0.0, 1.0, 0.0], [1.0, 1.5707963267948966, 1.0, 0.0], [2.0, 0.0, 0.0, -1.5707963267948966], [0.0, 0.0, 1.0, -1.5707963267948966], [1.0, 0.0, 0.0, 0.0], [0.0, 1.5707963267948966, 1.0, 1.5707963267948966], [2.0, 1.5707963267948966, 0.0, 0.0], [2.0, 0.0, 0.0, 0.0], [0.0, -1.5707963267948966, 1.0, 0.0], [2.0, -1.5707963267948966, 0.0, 0.0], [1.0, 1.5707963267948966, 0.0, 1.5707963267948966], [0.0, 1.5707963267948966, 0.0, 0.0], [1.0, 0.0, 1.0, -1.5707963267948966], [1.0, -1.5707963267948966, 1.0, 1.5707963267948966], [1.0, -1.5707963267948966, 0.0, -1.5707963267948966], [1.0, 0.0, 0.0, 1.5707963267948966], [1.0, -1.5707963267948966, 0.0, 1.5707963267948966], [1.0, 1.5707963267948966, 0.0, 0.0], [2.0, -1.5707963267948966, 1.0, 1.5707963267948966], [2.0, 1.5707963267948966, 1.0, -1.5707963267948966], [2.0, 1.5707963267948966, 1.0, 0.0], [2.0, 0.0, 1.0, -1.5707963267948966], [2.0, 1.5707963267948966, 0.0, 1.5707963267948966], [2.0, -1.5707963267948966, 0.0, 1.5707963267948966], [2.0, -1.5707963267948966, 1.0, 0.0], [0.0, 1.5707963267948966, 0.0, -1.5707963267948966], [0.0, 1.5707963267948966, 0.0, 1.5707963267948966], [1.0, 1.5707963267948966, 1.0, 1.5707963267948966], [1.0, 0.0, 1.0, 0.0], [1.0, 1.5707963267948966, 0.0, -1.5707963267948966], [0.0, 0.0, 1.0, 0.0], [1.0, -1.5707963267948966, 0.0, 0.0], [0.0, 0.0, 0.0, -1.5707963267948966], [2.0, 1.5707963267948966, 1.0, 1.5707963267948966], [0.0, -1.5707963267948966, 0.0, 0.0], [1.0, 0.0, 1.0, 1.5707963267948966], [0.0, -1.5707963267948966, 1.0, 1.5707963267948966], [0.0, -1.5707963267948966, 0.0, 1.5707963267948966], [0.0, 1.5707963267948966, 1.0, 0.0], [2.0, -1.5707963267948966, 1.0, -1.5707963267948966], [0.0, 0.0, 1.0, 1.5707963267948966], [0.0, 0.0, 0.0, 1.5707963267948966], [0.0, 0.0, 0.0, 0.0], [2.0, -1.5707963267948966, 0.0, -1.5707963267948966], [2.0, 0.0, 1.0, 1.5707963267948966], [1.0, -1.5707963267948966, 1.0, -1.5707963267948966], [1.0, -1.5707963267948966, 1.0, 0.0], [2.0, 1.5707963267948966, 0.0, -1.5707963267948966], [0.0, -1.5707963267948966, 0.0, -1.5707963267948966]]
Choices weights: [16, 15, 23, 19, 17, 47, 24, 17, 17, 18, 14, 15, 26, 18, 17, 22, 12, 29, 25, 19, 19, 23, 18, 21, 21, 28, 36, 11, 25, 28, 12, 14, 20, 20, 21, 16, 20, 21, 25, 11, 24, 23, 10, 21, 15, 23, 12, 25, 15, 30, 23, 18, 21, 10]
Robust child: [13.0, 3.0, 0.0, 9.0, 3.0, 0.0, 6]
Select child UCT: [12.0, 3.0, 0.0, 9.0, 3.0, 1.5707963267948966, 6]
Greedy child: [13.0, 3.0, 0.0, 8.0, 3.0, 1.5707963267948966, 6]
Searching game tree in timestep 6...
Actions to choose: [[2.0, 0.0, 1.0, -1.5707963267948966], [1.0, 1.5707963267948966, 0.0, 0.0], [0.0, -1.5707963267948966, 1.0, 0.0], [0.0, -1.5707963267948966, 0.0, 1.5707963267948966], [2.0, -1.5707963267948966, 1.0, 1.5707963267948966], [0.0, 1.5707963267948966, 0.0, 1.5707963267948966], [2.0, -1.5707963267948966, 1.0, -1.5707963267948966], [1.0, -1.5707963267948966, 1.0, 1.5707963267948966], [2.0, -1.5707963267948966, 0.0, -1.5707963267948966], [1.0, 0.0, 1.0, 1.5707963267948966], [2.0, 0.0, 1.0, 1.5707963267948966], [0.0, 0.0, 0.0, 0.0], [1.0, -1.5707963267948966, 0.0, 1.5707963267948966], [0.0, 1.5707963267948966, 1.0, 1.5707963267948966], [1.0, 1.5707963267948966, 1.0, -1.5707963267948966], [1.0, -1.5707963267948966, 0.0, -1.5707963267948966], [0.0, 1.5707963267948966, 1.0, 0.0], [2.0, 1.5707963267948966, 0.0, -1.5707963267948966], [0.0, 0.0, 0.0, 1.5707963267948966], [0.0, 0.0, 1.0, -1.5707963267948966], [2.0, 0.0, 0.0, -1.5707963267948966], [0.0, -1.5707963267948966, 1.0, 1.5707963267948966], [1.0, 0.0, 0.0, 0.0], [2.0, 1.5707963267948966, 1.0, 1.5707963267948966], [0.0, 1.5707963267948966, 0.0, -1.5707963267948966], [0.0, 1.5707963267948966, 1.0, -1.5707963267948966], [1.0, 1.5707963267948966, 0.0, -1.5707963267948966], [2.0, -1.5707963267948966, 1.0, 0.0], [2.0, 0.0, 1.0, 0.0], [2.0, 1.5707963267948966, 0.0, 1.5707963267948966], [0.0, 0.0, 1.0, 0.0], [2.0, 0.0, 0.0, 1.5707963267948966], [2.0, 0.0, 0.0, 0.0], [0.0, -1.5707963267948966, 0.0, 0.0], [0.0, 0.0, 0.0, -1.5707963267948966], [1.0, -1.5707963267948966, 1.0, 0.0], [1.0, 1.5707963267948966, 1.0, 0.0], [1.0, -1.5707963267948966, 0.0, 0.0], [2.0, 1.5707963267948966, 1.0, 0.0], [2.0, 1.5707963267948966, 0.0, 0.0], [2.0, -1.5707963267948966, 0.0, 1.5707963267948966], [0.0, 0.0, 1.0, 1.5707963267948966], [1.0, 0.0, 1.0, -1.5707963267948966], [2.0, -1.5707963267948966, 0.0, 0.0], [0.0, -1.5707963267948966, 0.0, -1.5707963267948966], [1.0, 0.0, 1.0, 0.0], [1.0, 0.0, 0.0, -1.5707963267948966], [1.0, 0.0, 0.0, 1.5707963267948966], [1.0, 1.5707963267948966, 1.0, 1.5707963267948966], [2.0, 1.5707963267948966, 1.0, -1.5707963267948966], [0.0, 1.5707963267948966, 0.0, 0.0], [1.0, -1.5707963267948966, 1.0, -1.5707963267948966], [1.0, 1.5707963267948966, 0.0, 1.5707963267948966], [0.0, -1.5707963267948966, 1.0, -1.5707963267948966]]
Choices weights: [32, 21, 18, 16, 30, 13, 31, 20, 12, 18, 31, 10, 16, 18, 18, 19, 14, 19, 11, 26, 22, 19, 19, 28, 13, 15, 22, 35, 27, 17, 29, 20, 19, 12, 16, 21, 22, 27, 31, 25, 18, 17, 17, 21, 12, 38, 16, 20, 17, 28, 18, 14, 17, 14]
Robust child: [14.0, 3.0, 0.0, 10.0, 3.0, 0.0, 7]
Select child UCT: [14.0, 3.0, 0.0, 9.0, 3.0, 1.5707963267948966, 7]
Greedy child: [15.0, 3.0, 0.0, 9.0, 3.0, 1.5707963267948966, 7]
Searching game tree in timestep 7...
Actions to choose: [[1.0, 1.5707963267948966, 1.0, 0.0], [0.0, 0.0, 0.0, -1.5707963267948966], [0.0, 1.5707963267948966, 0.0, 1.5707963267948966], [1.0, 0.0, 1.0, 1.5707963267948966], [0.0, 0.0, 1.0, -1.5707963267948966], [1.0, -1.5707963267948966, 0.0, 0.0], [1.0, 0.0, 0.0, -1.5707963267948966], [1.0, -1.5707963267948966, 1.0, 1.5707963267948966], [0.0, 1.5707963267948966, 0.0, 0.0], [0.0, 0.0, 1.0, 0.0], [0.0, -1.5707963267948966, 1.0, -1.5707963267948966], [1.0, 1.5707963267948966, 1.0, 1.5707963267948966], [1.0, 1.5707963267948966, 0.0, -1.5707963267948966], [0.0, 0.0, 1.0, 1.5707963267948966], [0.0, -1.5707963267948966, 0.0, 0.0], [0.0, 0.0, 0.0, 1.5707963267948966], [1.0, 1.5707963267948966, 0.0, 1.5707963267948966], [1.0, -1.5707963267948966, 0.0, 1.5707963267948966], [1.0, 1.5707963267948966, 1.0, -1.5707963267948966], [0.0, -1.5707963267948966, 0.0, -1.5707963267948966], [1.0, 0.0, 1.0, 0.0], [0.0, -1.5707963267948966, 1.0, 0.0], [1.0, -1.5707963267948966, 1.0, -1.5707963267948966], [1.0, 1.5707963267948966, 0.0, 0.0], [1.0, -1.5707963267948966, 1.0, 0.0], [0.0, -1.5707963267948966, 1.0, 1.5707963267948966], [0.0, 1.5707963267948966, 1.0, -1.5707963267948966], [1.0, 0.0, 0.0, 0.0], [0.0, 1.5707963267948966, 1.0, 0.0], [0.0, 0.0, 0.0, 0.0], [0.0, -1.5707963267948966, 0.0, 1.5707963267948966], [1.0, -1.5707963267948966, 0.0, -1.5707963267948966], [1.0, 0.0, 0.0, 1.5707963267948966], [1.0, 0.0, 1.0, -1.5707963267948966], [0.0, 1.5707963267948966, 0.0, -1.5707963267948966], [0.0, 1.5707963267948966, 1.0, 1.5707963267948966]]
Choices weights: [52, 41, 68, 74, 21, 16, 27, 18, 9, 16, 25, 38, 28, 26, 54, 30, 18, 12, 38, 7, 28, 20, 66, 29, 65, 29, 18, 25, 13, 24, 20, 15, 16, 31, 38, 17]
Robust child: [15.0, 3.0, 0.0, 11.0, 3.0, 1.5707963267948966, 8]
Select child UCT: [14.0, 3.0, 1.5707963267948966, 11.0, 3.0, 0.0, 8]
Greedy child: [15.0, 3.0, 1.5707963267948966, 10.0, 3.0, 4.71238898038469, 8]
Runtime: 27.62694501876831 s
