Searching game tree in timestep 0...
Actions to choose: [[0.0, 1.5707963267948966, 1.0, -1.5707963267948966], [1.0, 0.0, 0.0, 0.0], [1.0, 1.5707963267948966, 1.0, 0.0], [1.0, 1.5707963267948966, 1.0, -1.5707963267948966], [0.0, 1.5707963267948966, 0.0, -1.5707963267948966], [2.0, 1.5707963267948966, 1.0, -1.5707963267948966], [0.0, 1.5707963267948966, 0.0, 0.0], [1.0, 0.0, 0.0, 1.5707963267948966], [2.0, 0.0, 0.0, 1.5707963267948966], [2.0, 0.0, 0.0, 0.0], [0.0, -1.5707963267948966, 0.0, 0.0], [1.0, 0.0, 0.0, -1.5707963267948966], [2.0, 0.0, 1.0, -1.5707963267948966], [2.0, 0.0, 1.0, 1.5707963267948966], [2.0, -1.5707963267948966, 0.0, -1.5707963267948966], [2.0, 0.0, 1.0, 0.0], [1.0, 1.5707963267948966, 1.0, 1.5707963267948966], [0.0, -1.5707963267948966, 1.0, 0.0], [1.0, -1.5707963267948966, 1.0, -1.5707963267948966], [2.0, -1.5707963267948966, 1.0, -1.5707963267948966], [0.0, 0.0, 1.0, -1.5707963267948966], [0.0, 0.0, 0.0, 0.0], [2.0, -1.5707963267948966, 0.0, 1.5707963267948966], [1.0, 1.5707963267948966, 0.0, 1.5707963267948966], [2.0, 1.5707963267948966, 1.0, 0.0], [1.0, 0.0, 1.0, -1.5707963267948966], [2.0, -1.5707963267948966, 1.0, 1.5707963267948966], [0.0, -1.5707963267948966, 1.0, -1.5707963267948966], [0.0, 1.5707963267948966, 1.0, 1.5707963267948966], [0.0, -1.5707963267948966, 0.0, -1.5707963267948966], [0.0, -1.5707963267948966, 0.0, 1.5707963267948966], [0.0, -1.5707963267948966, 1.0, 1.5707963267948966], [2.0, 1.5707963267948966, 1.0, 1.5707963267948966], [2.0, 1.5707963267948966, 0.0, 1.5707963267948966], [2.0, 0.0, 0.0, -1.5707963267948966], [2.0, 1.5707963267948966, 0.0, 0.0], [0.0, 0.0, 1.0, 0.0], [2.0, 1.5707963267948966, 0.0, -1.5707963267948966], [1.0, 1.5707963267948966, 0.0, 0.0], [1.0, -1.5707963267948966, 0.0, 0.0], [0.0, 1.5707963267948966, 0.0, 1.5707963267948966], [1.0, 0.0, 1.0, 0.0], [1.0, -1.5707963267948966, 1.0, 1.5707963267948966], [1.0, -1.5707963267948966, 0.0, -1.5707963267948966], [1.0, -1.5707963267948966, 1.0, 0.0], [1.0, 0.0, 1.0, 1.5707963267948966], [1.0, -1.5707963267948966, 0.0, 1.5707963267948966], [2.0, -1.5707963267948966, 0.0, 0.0], [0.0, 0.0, 1.0, 1.5707963267948966], [1.0, 1.5707963267948966, 0.0, -1.5707963267948966], [0.0, 1.5707963267948966, 1.0, 0.0], [0.0, 0.0, 0.0, -1.5707963267948966], [2.0, -1.5707963267948966, 1.0, 0.0], [0.0, 0.0, 0.0, 1.5707963267948966]]
Choices weights: [14, 20, 23, 20, 12, 25, 17, 19, 27, 31, 21, 18, 30, 33, 22, 41, 14, 14, 19, 22, 20, 18, 17, 11, 17, 25, 17, 11, 15, 13, 12, 18, 20, 10, 38, 13, 21, 18, 15, 20, 9, 24, 27, 16, 26, 18, 13, 28, 20, 15, 14, 12, 25, 16]
Robust child: [3.0, 3.0, 0.0, 4.0, 3.0, 0.0, 1]
Select child UCT: [2.0, 3.0, 4.71238898038469, 3.0, 3.0, 1.5707963267948966, 1]
Greedy child: [3.0, 3.0, 0.0, 4.0, 3.0, 0.0, 1]
Searching game tree in timestep 1...
Actions to choose: [[0.0, 0.0, 1.0, 0.0], [2.0, 1.5707963267948966, 0.0, 0.0], [0.0, 0.0, 0.0, 1.5707963267948966], [0.0, -1.5707963267948966, 0.0, -1.5707963267948966], [0.0, -1.5707963267948966, 1.0, 1.5707963267948966], [1.0, -1.5707963267948966, 1.0, 0.0], [1.0, -1.5707963267948966, 1.0, 1.5707963267948966], [0.0, 1.5707963267948966, 1.0, 1.5707963267948966], [2.0, 0.0, 1.0, 0.0], [1.0, 1.5707963267948966, 0.0, 1.5707963267948966], [1.0, 0.0, 0.0, -1.5707963267948966], [1.0, 0.0, 0.0, 1.5707963267948966], [0.0, 1.5707963267948966, 0.0, 1.5707963267948966], [2.0, 0.0, 0.0, -1.5707963267948966], [2.0, -1.5707963267948966, 1.0, 1.5707963267948966], [1.0, 1.5707963267948966, 1.0, 1.5707963267948966], [1.0, 0.0, 1.0, -1.5707963267948966], [0.0, -1.5707963267948966, 0.0, 0.0], [2.0, 0.0, 1.0, 1.5707963267948966], [2.0, -1.5707963267948966, 1.0, -1.5707963267948966], [0.0, 1.5707963267948966, 1.0, -1.5707963267948966], [1.0, 1.5707963267948966, 1.0, -1.5707963267948966], [1.0, -1.5707963267948966, 0.0, 0.0], [2.0, 0.0, 0.0, 0.0], [0.0, -1.5707963267948966, 0.0, 1.5707963267948966], [2.0, 1.5707963267948966, 1.0, 0.0], [2.0, -1.5707963267948966, 0.0, -1.5707963267948966], [2.0, -1.5707963267948966, 0.0, 1.5707963267948966], [2.0, -1.5707963267948966, 0.0, 0.0], [2.0, 1.5707963267948966, 1.0, 1.5707963267948966], [1.0, 0.0, 0.0, 0.0], [0.0, 1.5707963267948966, 0.0, -1.5707963267948966], [0.0, 1.5707963267948966, 1.0, 0.0], [0.0, 0.0, 0.0, -1.5707963267948966], [0.0, -1.5707963267948966, 1.0, -1.5707963267948966], [1.0, -1.5707963267948966, 1.0, -1.5707963267948966], [1.0, -1.5707963267948966, 0.0, 1.5707963267948966], [2.0, 1.5707963267948966, 1.0, -1.5707963267948966], [1.0, -1.5707963267948966, 0.0, -1.5707963267948966], [1.0, 1.5707963267948966, 0.0, -1.5707963267948966], [1.0, 1.5707963267948966, 0.0, 0.0], [1.0, 1.5707963267948966, 1.0, 0.0], [1.0, 0.0, 1.0, 1.5707963267948966], [2.0, 1.5707963267948966, 0.0, 1.5707963267948966], [1.0, 0.0, 1.0, 0.0], [2.0, -1.5707963267948966, 1.0, 0.0], [0.0, 1.5707963267948966, 0.0, 0.0], [0.0, 0.0, 1.0, 1.5707963267948966], [2.0, 0.0, 1.0, -1.5707963267948966], [2.0, 0.0, 0.0, 1.5707963267948966], [0.0, 0.0, 0.0, 0.0], [0.0, 0.0, 1.0, -1.5707963267948966], [0.0, -1.5707963267948966, 1.0, 0.0], [2.0, 1.5707963267948966, 0.0, -1.5707963267948966]]
Choices weights: [27, 15, 27, 9, 15, 21, 18, 22, 43, 14, 11, 23, 12, 19, 18, 25, 26, 14, 36, 24, 16, 19, 14, 37, 11, 30, 18, 16, 32, 26, 18, 12, 16, 14, 14, 12, 14, 13, 18, 17, 13, 33, 26, 19, 31, 32, 17, 19, 23, 32, 19, 17, 13, 13]
Robust child: [5.0, 3.0, 0.0, 5.0, 3.0, 0.0, 2]
Select child UCT: [5.0, 3.0, 0.0, 5.0, 3.0, 4.71238898038469, 2]
Greedy child: [5.0, 3.0, 0.0, 5.0, 3.0, 0.0, 2]
Searching game tree in timestep 2...
Actions to choose: [[1.0, -1.5707963267948966, 0.0, 0.0], [2.0, 0.0, 0.0, 0.0], [1.0, 1.5707963267948966, 1.0, 0.0], [1.0, 0.0, 0.0, 1.5707963267948966], [0.0, 0.0, 1.0, 1.5707963267948966], [2.0, -1.5707963267948966, 1.0, -1.5707963267948966], [1.0, -1.5707963267948966, 0.0, 1.5707963267948966], [2.0, 0.0, 1.0, 1.5707963267948966], [0.0, -1.5707963267948966, 1.0, 1.5707963267948966], [0.0, -1.5707963267948966, 0.0, 1.5707963267948966], [0.0, 1.5707963267948966, 0.0, 0.0], [2.0, 1.5707963267948966, 1.0, 1.5707963267948966], [2.0, 1.5707963267948966, 0.0, 0.0], [2.0, 0.0, 0.0, 1.5707963267948966], [2.0, 0.0, 1.0, 0.0], [1.0, 0.0, 0.0, 0.0], [0.0, 1.5707963267948966, 1.0, 1.5707963267948966], [1.0, 0.0, 1.0, 1.5707963267948966], [1.0, -1.5707963267948966, 0.0, -1.5707963267948966], [2.0, 1.5707963267948966, 1.0, 0.0], [1.0, 1.5707963267948966, 1.0, -1.5707963267948966], [0.0, 0.0, 0.0, -1.5707963267948966], [0.0, 1.5707963267948966, 1.0, 0.0], [1.0, 0.0, 1.0, 0.0], [1.0, 1.5707963267948966, 0.0, -1.5707963267948966], [0.0, 0.0, 0.0, 1.5707963267948966], [2.0, -1.5707963267948966, 1.0, 0.0], [2.0, -1.5707963267948966, 0.0, -1.5707963267948966], [1.0, -1.5707963267948966, 1.0, -1.5707963267948966], [0.0, 0.0, 0.0, 0.0], [2.0, -1.5707963267948966, 0.0, 1.5707963267948966], [1.0, 0.0, 1.0, -1.5707963267948966], [0.0, -1.5707963267948966, 0.0, 0.0], [2.0, 0.0, 0.0, -1.5707963267948966], [2.0, 1.5707963267948966, 0.0, -1.5707963267948966], [0.0, -1.5707963267948966, 1.0, 0.0], [0.0, -1.5707963267948966, 1.0, -1.5707963267948966], [0.0, -1.5707963267948966, 0.0, -1.5707963267948966], [2.0, -1.5707963267948966, 0.0, 0.0], [1.0, 1.5707963267948966, 0.0, 0.0], [1.0, 0.0, 0.0, -1.5707963267948966], [1.0, -1.5707963267948966, 1.0, 1.5707963267948966], [2.0, 1.5707963267948966, 1.0, -1.5707963267948966], [0.0, 1.5707963267948966, 0.0, -1.5707963267948966], [0.0, 0.0, 1.0, -1.5707963267948966], [0.0, 1.5707963267948966, 0.0, 1.5707963267948966], [2.0, 1.5707963267948966, 0.0, 1.5707963267948966], [1.0, 1.5707963267948966, 1.0, 1.5707963267948966], [0.0, 1.5707963267948966, 1.0, -1.5707963267948966], [1.0, -1.5707963267948966, 1.0, 0.0], [2.0, 0.0, 1.0, -1.5707963267948966], [1.0, 1.5707963267948966, 0.0, 1.5707963267948966], [2.0, -1.5707963267948966, 1.0, 1.5707963267948966], [0.0, 0.0, 1.0, 0.0]]
Choices weights: [14, 36, 35, 25, 17, 26, 13, 34, 13, 11, 10, 24, 16, 29, 52, 31, 16, 31, 15, 36, 11, 12, 11, 34, 19, 16, 32, 16, 13, 15, 18, 31, 11, 12, 26, 18, 16, 16, 21, 14, 26, 17, 16, 11, 14, 12, 20, 11, 12, 21, 25, 10, 18, 36]
Robust child: [7.0, 3.0, 0.0, 6.0, 3.0, 0.0, 3]
Select child UCT: [7.0, 3.0, 4.71238898038469, 5.0, 3.0, 1.5707963267948966, 3]
Greedy child: [7.0, 3.0, 0.0, 6.0, 3.0, 0.0, 3]
Searching game tree in timestep 3...
Actions to choose: [[1.0, 1.5707963267948966, 1.0, 1.5707963267948966], [0.0, -1.5707963267948966, 0.0, -1.5707963267948966], [2.0, 0.0, 0.0, -1.5707963267948966], [0.0, 0.0, 0.0, 0.0], [2.0, 0.0, 0.0, 0.0], [2.0, 0.0, 1.0, 0.0], [2.0, 1.5707963267948966, 0.0, 1.5707963267948966], [0.0, 0.0, 0.0, -1.5707963267948966], [1.0, 0.0, 1.0, -1.5707963267948966], [1.0, 0.0, 1.0, 0.0], [0.0, -1.5707963267948966, 0.0, 0.0], [0.0, 0.0, 1.0, -1.5707963267948966], [2.0, 0.0, 1.0, -1.5707963267948966], [0.0, -1.5707963267948966, 0.0, 1.5707963267948966], [0.0, 1.5707963267948966, 1.0, 1.5707963267948966], [2.0, 0.0, 1.0, 1.5707963267948966], [1.0, -1.5707963267948966, 0.0, -1.5707963267948966], [2.0, -1.5707963267948966, 0.0, -1.5707963267948966], [1.0, -1.5707963267948966, 1.0, 1.5707963267948966], [2.0, -1.5707963267948966, 1.0, 0.0], [2.0, -1.5707963267948966, 0.0, 0.0], [0.0, -1.5707963267948966, 1.0, -1.5707963267948966], [1.0, 1.5707963267948966, 1.0, 0.0], [0.0, -1.5707963267948966, 1.0, 1.5707963267948966], [0.0, 0.0, 1.0, 1.5707963267948966], [1.0, -1.5707963267948966, 0.0, 1.5707963267948966], [0.0, -1.5707963267948966, 1.0, 0.0], [1.0, 0.0, 0.0, 1.5707963267948966], [2.0, -1.5707963267948966, 1.0, 1.5707963267948966], [1.0, 1.5707963267948966, 0.0, 1.5707963267948966], [1.0, 1.5707963267948966, 1.0, -1.5707963267948966], [2.0, 1.5707963267948966, 1.0, 0.0], [0.0, 1.5707963267948966, 0.0, 1.5707963267948966], [2.0, 1.5707963267948966, 0.0, 0.0], [1.0, -1.5707963267948966, 1.0, -1.5707963267948966], [0.0, 0.0, 0.0, 1.5707963267948966], [0.0, 1.5707963267948966, 1.0, 0.0], [2.0, 1.5707963267948966, 0.0, -1.5707963267948966], [0.0, 1.5707963267948966, 1.0, -1.5707963267948966], [2.0, 1.5707963267948966, 1.0, 1.5707963267948966], [1.0, 0.0, 1.0, 1.5707963267948966], [1.0, 1.5707963267948966, 0.0, 0.0], [1.0, 0.0, 0.0, 0.0], [2.0, -1.5707963267948966, 1.0, -1.5707963267948966], [0.0, 1.5707963267948966, 0.0, 0.0], [2.0, 1.5707963267948966, 1.0, -1.5707963267948966], [1.0, -1.5707963267948966, 0.0, 0.0], [1.0, 0.0, 0.0, -1.5707963267948966], [0.0, 0.0, 1.0, 0.0], [2.0, 0.0, 0.0, 1.5707963267948966], [0.0, 1.5707963267948966, 0.0, -1.5707963267948966], [1.0, -1.5707963267948966, 1.0, 0.0], [2.0, -1.5707963267948966, 0.0, 1.5707963267948966], [1.0, 1.5707963267948966, 0.0, -1.5707963267948966]]
Choices weights: [32, 11, 17, 21, 31, 35, 19, 11, 21, 36, 13, 15, 24, 10, 18, 31, 16, 14, 21, 19, 18, 11, 31, 15, 25, 11, 20, 19, 18, 16, 18, 39, 13, 20, 22, 17, 20, 25, 20, 27, 34, 17, 22, 23, 18, 19, 15, 9, 31, 28, 15, 18, 21, 14]
Robust child: [9.0, 3.0, 1.5707963267948966, 7.0, 3.0, 0.0, 4]
Select child UCT: [8.0, 3.0, 1.5707963267948966, 6.0, 3.0, 1.5707963267948966, 4]
Greedy child: [9.0, 3.0, 0.0, 6.0, 3.0, 4.71238898038469, 4]
Searching game tree in timestep 4...
Actions to choose: [[2.0, -1.5707963267948966, 0.0, 1.5707963267948966], [2.0, 1.5707963267948966, 1.0, 1.5707963267948966], [2.0, 0.0, 1.0, 0.0], [0.0, 1.5707963267948966, 1.0, 1.5707963267948966], [0.0, -1.5707963267948966, 1.0, -1.5707963267948966], [1.0, 0.0, 1.0, 1.5707963267948966], [0.0, 0.0, 1.0, -1.5707963267948966], [0.0, 1.5707963267948966, 1.0, 0.0], [1.0, -1.5707963267948966, 0.0, 0.0], [1.0, 0.0, 0.0, 1.5707963267948966], [1.0, -1.5707963267948966, 1.0, 1.5707963267948966], [1.0, 1.5707963267948966, 1.0, 1.5707963267948966], [0.0, 0.0, 0.0, -1.5707963267948966], [2.0, 0.0, 0.0, 0.0], [0.0, -1.5707963267948966, 0.0, 1.5707963267948966], [2.0, 1.5707963267948966, 0.0, -1.5707963267948966], [2.0, -1.5707963267948966, 0.0, -1.5707963267948966], [2.0, -1.5707963267948966, 1.0, 1.5707963267948966], [2.0, -1.5707963267948966, 0.0, 0.0], [2.0, 0.0, 1.0, 1.5707963267948966], [1.0, 1.5707963267948966, 1.0, -1.5707963267948966], [1.0, 0.0, 0.0, 0.0], [0.0, -1.5707963267948966, 1.0, 1.5707963267948966], [1.0, 0.0, 1.0, -1.5707963267948966], [1.0, -1.5707963267948966, 0.0, -1.5707963267948966], [2.0, 1.5707963267948966, 1.0, 0.0], [1.0, 0.0, 1.0, 0.0], [0.0, 1.5707963267948966, 1.0, -1.5707963267948966], [2.0, 1.5707963267948966, 0.0, 1.5707963267948966], [1.0, -1.5707963267948966, 1.0, -1.5707963267948966], [1.0, 0.0, 0.0, -1.5707963267948966], [0.0, -1.5707963267948966, 0.0, -1.5707963267948966], [0.0, -1.5707963267948966, 1.0, 0.0], [1.0, -1.5707963267948966, 1.0, 0.0], [1.0, 1.5707963267948966, 0.0, 1.5707963267948966], [0.0, -1.5707963267948966, 0.0, 0.0], [1.0, 1.5707963267948966, 1.0, 0.0], [1.0, 1.5707963267948966, 0.0, 0.0], [2.0, 1.5707963267948966, 0.0, 0.0], [1.0, 1.5707963267948966, 0.0, -1.5707963267948966], [2.0, -1.5707963267948966, 1.0, -1.5707963267948966], [2.0, 0.0, 0.0, 1.5707963267948966], [0.0, 1.5707963267948966, 0.0, 1.5707963267948966], [0.0, 0.0, 0.0, 0.0], [0.0, 1.5707963267948966, 0.0, 0.0], [1.0, -1.5707963267948966, 0.0, 1.5707963267948966], [0.0, 1.5707963267948966, 0.0, -1.5707963267948966], [2.0, -1.5707963267948966, 1.0, 0.0], [0.0, 0.0, 1.0, 0.0], [2.0, 0.0, 0.0, -1.5707963267948966], [0.0, 0.0, 1.0, 1.5707963267948966], [2.0, 1.5707963267948966, 1.0, -1.5707963267948966], [0.0, 0.0, 0.0, 1.5707963267948966], [2.0, 0.0, 1.0, -1.5707963267948966]]
Choices weights: [25, 15, 36, 13, 34, 23, 15, 24, 26, 19, 25, 14, 17, 19, 22, 10, 22, 22, 33, 25, 12, 23, 36, 22, 19, 15, 30, 12, 10, 24, 12, 24, 27, 37, 15, 26, 14, 9, 13, 13, 22, 12, 8, 14, 12, 22, 7, 34, 31, 10, 33, 17, 15, 22]
Robust child: [9.0, 4.0, 0.0, 8.0, 3.0, 0.0, 5]
Select child UCT: [9.0, 4.0, 0.0, 7.0, 3.0, 1.5707963267948966, 5]
Greedy child: [9.0, 3.0, 0.0, 8.0, 3.0, 0.0, 5]
Searching game tree in timestep 5...
Actions to choose: [[0.0, -1.5707963267948966, 1.0, 0.0], [0.0, -1.5707963267948966, 0.0, 1.5707963267948966], [0.0, 0.0, 1.0, 1.5707963267948966], [2.0, -1.5707963267948966, 0.0, 1.5707963267948966], [1.0, 1.5707963267948966, 0.0, -1.5707963267948966], [1.0, 1.5707963267948966, 1.0, 0.0], [1.0, 1.5707963267948966, 0.0, 1.5707963267948966], [0.0, 1.5707963267948966, 1.0, 1.5707963267948966], [0.0, -1.5707963267948966, 0.0, 0.0], [1.0, -1.5707963267948966, 1.0, 0.0], [1.0, 0.0, 0.0, 0.0], [1.0, 0.0, 1.0, -1.5707963267948966], [0.0, 1.5707963267948966, 0.0, 0.0], [2.0, 1.5707963267948966, 1.0, -1.5707963267948966], [2.0, -1.5707963267948966, 1.0, 1.5707963267948966], [1.0, 1.5707963267948966, 1.0, 1.5707963267948966], [2.0, 0.0, 1.0, 0.0], [1.0, 0.0, 1.0, 1.5707963267948966], [0.0, -1.5707963267948966, 1.0, 1.5707963267948966], [0.0, 1.5707963267948966, 1.0, -1.5707963267948966], [2.0, -1.5707963267948966, 0.0, -1.5707963267948966], [1.0, -1.5707963267948966, 1.0, 1.5707963267948966], [0.0, 0.0, 1.0, -1.5707963267948966], [0.0, 0.0, 0.0, -1.5707963267948966], [1.0, -1.5707963267948966, 0.0, -1.5707963267948966], [2.0, 1.5707963267948966, 1.0, 0.0], [1.0, 0.0, 1.0, 0.0], [1.0, 0.0, 0.0, -1.5707963267948966], [2.0, -1.5707963267948966, 1.0, -1.5707963267948966], [0.0, 1.5707963267948966, 0.0, 1.5707963267948966], [2.0, 0.0, 0.0, 1.5707963267948966], [0.0, 0.0, 1.0, 0.0], [2.0, 0.0, 1.0, -1.5707963267948966], [2.0, 1.5707963267948966, 0.0, 1.5707963267948966], [0.0, -1.5707963267948966, 0.0, -1.5707963267948966], [1.0, 1.5707963267948966, 0.0, 0.0], [1.0, -1.5707963267948966, 0.0, 1.5707963267948966], [2.0, 1.5707963267948966, 0.0, -1.5707963267948966], [1.0, 0.0, 0.0, 1.5707963267948966], [1.0, -1.5707963267948966, 0.0, 0.0], [0.0, -1.5707963267948966, 1.0, -1.5707963267948966], [2.0, -1.5707963267948966, 1.0, 0.0], [2.0, 1.5707963267948966, 0.0, 0.0], [1.0, -1.5707963267948966, 1.0, -1.5707963267948966], [2.0, -1.5707963267948966, 0.0, 0.0], [1.0, 1.5707963267948966, 1.0, -1.5707963267948966], [2.0, 0.0, 1.0, 1.5707963267948966], [0.0, 0.0, 0.0, 1.5707963267948966], [0.0, 1.5707963267948966, 0.0, -1.5707963267948966], [0.0, 1.5707963267948966, 1.0, 0.0], [2.0, 1.5707963267948966, 1.0, 1.5707963267948966], [2.0, 0.0, 0.0, 0.0], [0.0, 0.0, 0.0, 0.0], [2.0, 0.0, 0.0, -1.5707963267948966]]
Choices weights: [22, 15, 17, 17, 15, 22, 22, 14, 13, 25, 23, 26, 17, 29, 21, 13, 40, 22, 13, 12, 17, 25, 21, 11, 15, 25, 33, 22, 28, 7, 21, 24, 22, 21, 12, 12, 12, 18, 18, 16, 15, 23, 21, 14, 26, 28, 42, 13, 11, 25, 22, 24, 26, 21]
Robust child: [11.0, 4.0, 0.0, 9.0, 3.0, 1.5707963267948966, 6]
Select child UCT: [10.0, 4.0, 4.71238898038469, 9.0, 3.0, 4.71238898038469, 6]
Greedy child: [11.0, 4.0, 0.0, 9.0, 3.0, 0.0, 6]
Searching game tree in timestep 6...
Actions to choose: [[1.0, 1.5707963267948966, 0.0, 1.5707963267948966], [1.0, 0.0, 1.0, 0.0], [2.0, 0.0, 1.0, 0.0], [1.0, 1.5707963267948966, 1.0, 1.5707963267948966], [2.0, 0.0, 0.0, 0.0], [1.0, 1.5707963267948966, 0.0, 0.0], [1.0, 1.5707963267948966, 1.0, 0.0], [0.0, -1.5707963267948966, 0.0, 1.5707963267948966], [0.0, 0.0, 1.0, 0.0], [0.0, -1.5707963267948966, 1.0, 0.0], [2.0, 0.0, 0.0, -1.5707963267948966], [1.0, 1.5707963267948966, 1.0, -1.5707963267948966], [2.0, 1.5707963267948966, 1.0, 1.5707963267948966], [2.0, -1.5707963267948966, 0.0, 1.5707963267948966], [2.0, -1.5707963267948966, 0.0, 0.0], [0.0, 1.5707963267948966, 1.0, -1.5707963267948966], [1.0, 1.5707963267948966, 0.0, -1.5707963267948966], [0.0, -1.5707963267948966, 0.0, -1.5707963267948966], [2.0, 1.5707963267948966, 1.0, 0.0], [1.0, -1.5707963267948966, 0.0, 0.0], [2.0, 0.0, 1.0, 1.5707963267948966], [2.0, -1.5707963267948966, 0.0, -1.5707963267948966], [2.0, 0.0, 0.0, 1.5707963267948966], [2.0, 0.0, 1.0, -1.5707963267948966], [1.0, 0.0, 0.0, 0.0], [0.0, -1.5707963267948966, 0.0, 0.0], [1.0, 0.0, 1.0, -1.5707963267948966], [0.0, 0.0, 0.0, 0.0], [1.0, -1.5707963267948966, 0.0, -1.5707963267948966], [0.0, 1.5707963267948966, 0.0, 1.5707963267948966], [1.0, 0.0, 0.0, 1.5707963267948966], [2.0, -1.5707963267948966, 1.0, 0.0], [2.0, -1.5707963267948966, 1.0, 1.5707963267948966], [2.0, 1.5707963267948966, 1.0, -1.5707963267948966], [0.0, 0.0, 1.0, 1.5707963267948966], [0.0, 0.0, 0.0, -1.5707963267948966], [0.0, 0.0, 1.0, -1.5707963267948966], [0.0, -1.5707963267948966, 1.0, 1.5707963267948966], [1.0, 0.0, 1.0, 1.5707963267948966], [0.0, 1.5707963267948966, 0.0, 0.0], [2.0, 1.5707963267948966, 0.0, 1.5707963267948966], [1.0, -1.5707963267948966, 1.0, 0.0], [0.0, -1.5707963267948966, 1.0, -1.5707963267948966], [1.0, 0.0, 0.0, -1.5707963267948966], [2.0, -1.5707963267948966, 1.0, -1.5707963267948966], [1.0, -1.5707963267948966, 1.0, -1.5707963267948966], [2.0, 1.5707963267948966, 0.0, -1.5707963267948966], [1.0, -1.5707963267948966, 0.0, 1.5707963267948966], [0.0, 0.0, 0.0, 1.5707963267948966], [0.0, 1.5707963267948966, 1.0, 1.5707963267948966], [1.0, -1.5707963267948966, 1.0, 1.5707963267948966], [2.0, 1.5707963267948966, 0.0, 0.0], [0.0, 1.5707963267948966, 0.0, -1.5707963267948966], [0.0, 1.5707963267948966, 1.0, 0.0]]
Choices weights: [17, 20, 37, 13, 25, 19, 15, 14, 17, 10, 32, 27, 19, 16, 34, 17, 22, 17, 23, 18, 28, 26, 26, 40, 17, 16, 20, 21, 18, 14, 13, 22, 21, 19, 17, 16, 26, 14, 18, 13, 33, 19, 15, 25, 20, 25, 32, 14, 15, 15, 19, 17, 17, 11]
Robust child: [13.0, 4.0, 0.0, 9.0, 4.0, 0.0, 7]
Select child UCT: [13.0, 4.0, 4.71238898038469, 9.0, 3.0, 3.141592653589793, 7]
Greedy child: [13.0, 4.0, 0.0, 9.0, 3.0, 3.141592653589793, 7]
Searching game tree in timestep 7...
Actions to choose: [[0.0, -1.5707963267948966, 1.0, -1.5707963267948966], [0.0, 0.0, 0.0, 0.0], [0.0, -1.5707963267948966, 1.0, 0.0], [2.0, 1.5707963267948966, 0.0, 0.0], [0.0, -1.5707963267948966, 0.0, -1.5707963267948966], [2.0, 0.0, 0.0, -1.5707963267948966], [0.0, 0.0, 1.0, 0.0], [2.0, 1.5707963267948966, 0.0, 1.5707963267948966], [1.0, 0.0, 1.0, 0.0], [2.0, 0.0, 0.0, 1.5707963267948966], [0.0, 1.5707963267948966, 1.0, 1.5707963267948966], [2.0, -1.5707963267948966, 0.0, 0.0], [1.0, 0.0, 1.0, 1.5707963267948966], [0.0, 1.5707963267948966, 1.0, -1.5707963267948966], [0.0, 0.0, 1.0, -1.5707963267948966], [2.0, 0.0, 0.0, 0.0], [1.0, 1.5707963267948966, 0.0, 0.0], [1.0, 1.5707963267948966, 0.0, -1.5707963267948966], [1.0, -1.5707963267948966, 0.0, 1.5707963267948966], [2.0, -1.5707963267948966, 0.0, -1.5707963267948966], [0.0, -1.5707963267948966, 0.0, 1.5707963267948966], [2.0, -1.5707963267948966, 1.0, 0.0], [1.0, 1.5707963267948966, 1.0, 0.0], [0.0, 0.0, 0.0, -1.5707963267948966], [0.0, -1.5707963267948966, 0.0, 0.0], [1.0, 0.0, 0.0, 0.0], [1.0, 1.5707963267948966, 1.0, 1.5707963267948966], [2.0, 1.5707963267948966, 1.0, 0.0], [0.0, -1.5707963267948966, 1.0, 1.5707963267948966], [0.0, 1.5707963267948966, 1.0, 0.0], [0.0, 0.0, 0.0, 1.5707963267948966], [0.0, 1.5707963267948966, 0.0, 0.0], [0.0, 0.0, 1.0, 1.5707963267948966], [0.0, 1.5707963267948966, 0.0, -1.5707963267948966], [0.0, 1.5707963267948966, 0.0, 1.5707963267948966], [2.0, -1.5707963267948966, 1.0, 1.5707963267948966], [1.0, -1.5707963267948966, 0.0, 0.0], [1.0, -1.5707963267948966, 1.0, -1.5707963267948966], [1.0, 1.5707963267948966, 0.0, 1.5707963267948966], [2.0, 0.0, 1.0, -1.5707963267948966], [2.0, 1.5707963267948966, 1.0, -1.5707963267948966], [2.0, 0.0, 1.0, 1.5707963267948966], [1.0, 1.5707963267948966, 1.0, -1.5707963267948966], [1.0, -1.5707963267948966, 1.0, 0.0], [1.0, -1.5707963267948966, 0.0, -1.5707963267948966], [1.0, -1.5707963267948966, 1.0, 1.5707963267948966], [2.0, 1.5707963267948966, 0.0, -1.5707963267948966], [2.0, 1.5707963267948966, 1.0, 1.5707963267948966], [1.0, 0.0, 0.0, -1.5707963267948966], [2.0, -1.5707963267948966, 0.0, 1.5707963267948966], [1.0, 0.0, 0.0, 1.5707963267948966], [2.0, -1.5707963267948966, 1.0, -1.5707963267948966], [2.0, 0.0, 1.0, 0.0], [1.0, 0.0, 1.0, -1.5707963267948966]]
Choices weights: [21, 14, 19, 14, 14, 20, 14, 19, 22, 23, 18, 25, 21, 11, 13, 20, 26, 12, 16, 21, 10, 31, 17, 18, 13, 17, 19, 35, 15, 20, 10, 15, 24, 17, 13, 33, 12, 23, 24, 37, 32, 25, 22, 21, 19, 25, 19, 32, 18, 20, 18, 24, 29, 22]
Robust child: [15.0, 4.0, 0.0, 10.0, 4.0, 4.71238898038469, 8]
Select child UCT: [15.0, 4.0, 4.71238898038469, 10.0, 4.0, 4.71238898038469, 8]
Greedy child: [15.0, 4.0, 4.71238898038469, 9.0, 4.0, 1.5707963267948966, 8]
Runtime: 30.904279947280884 s
