Searching game tree in timestep 0...
Actions to choose: [[0.0, 1.5707963267948966, 1.0, -1.5707963267948966], [1.0, -1.5707963267948966, 1.0, -1.5707963267948966], [1.0, 1.5707963267948966, 1.0, 1.5707963267948966], [1.0, -1.5707963267948966, 1.0, 0.0], [0.0, 0.0, 1.0, -1.5707963267948966], [2.0, 0.0, 1.0, -1.5707963267948966], [2.0, 1.5707963267948966, 0.0, 0.0], [0.0, -1.5707963267948966, 0.0, 1.5707963267948966], [2.0, 1.5707963267948966, 1.0, 1.5707963267948966], [1.0, -1.5707963267948966, 0.0, 1.5707963267948966], [2.0, 0.0, 0.0, -1.5707963267948966], [0.0, 1.5707963267948966, 0.0, 0.0], [0.0, 1.5707963267948966, 0.0, 1.5707963267948966], [1.0, 0.0, 0.0, 1.5707963267948966], [0.0, 0.0, 0.0, -1.5707963267948966], [0.0, -1.5707963267948966, 1.0, 0.0], [0.0, 0.0, 1.0, 1.5707963267948966], [1.0, 1.5707963267948966, 0.0, 1.5707963267948966], [2.0, 0.0, 1.0, 0.0], [2.0, -1.5707963267948966, 0.0, -1.5707963267948966], [2.0, -1.5707963267948966, 0.0, 1.5707963267948966], [0.0, 0.0, 0.0, 0.0], [2.0, -1.5707963267948966, 1.0, 0.0], [0.0, 1.5707963267948966, 1.0, 1.5707963267948966], [1.0, 0.0, 1.0, -1.5707963267948966], [0.0, 1.5707963267948966, 0.0, -1.5707963267948966], [2.0, 1.5707963267948966, 0.0, -1.5707963267948966], [2.0, 1.5707963267948966, 1.0, 0.0], [1.0, 0.0, 0.0, -1.5707963267948966], [1.0, 1.5707963267948966, 1.0, -1.5707963267948966], [2.0, -1.5707963267948966, 1.0, 1.5707963267948966], [1.0, 0.0, 0.0, 0.0], [1.0, -1.5707963267948966, 0.0, -1.5707963267948966], [2.0, 0.0, 1.0, 1.5707963267948966], [2.0, 0.0, 0.0, 0.0], [0.0, -1.5707963267948966, 1.0, 1.5707963267948966], [0.0, -1.5707963267948966, 0.0, -1.5707963267948966], [1.0, 0.0, 1.0, 0.0], [1.0, 0.0, 1.0, 1.5707963267948966], [0.0, 0.0, 1.0, 0.0], [2.0, -1.5707963267948966, 1.0, -1.5707963267948966], [0.0, 0.0, 0.0, 1.5707963267948966], [0.0, -1.5707963267948966, 0.0, 0.0], [1.0, -1.5707963267948966, 1.0, 1.5707963267948966], [2.0, 0.0, 0.0, 1.5707963267948966], [2.0, 1.5707963267948966, 1.0, -1.5707963267948966], [1.0, -1.5707963267948966, 0.0, 0.0], [1.0, 1.5707963267948966, 0.0, -1.5707963267948966], [0.0, 1.5707963267948966, 1.0, 0.0], [1.0, 1.5707963267948966, 0.0, 0.0], [1.0, 1.5707963267948966, 1.0, 0.0], [2.0, 1.5707963267948966, 0.0, 1.5707963267948966], [2.0, -1.5707963267948966, 0.0, 0.0], [0.0, -1.5707963267948966, 1.0, -1.5707963267948966]]
Choices weights: [17, 17, 15, 28, 18, 24, 24, 8, 15, 11, 29, 18, 12, 15, 10, 20, 21, 11, 40, 15, 10, 20, 29, 18, 18, 12, 11, 32, 23, 19, 25, 19, 15, 38, 31, 18, 10, 28, 25, 24, 19, 13, 19, 19, 24, 24, 12, 9, 22, 19, 29, 20, 19, 13]
Robust child: [3.0, 3.0, 0.0, 4.0, 3.0, 0.0, 1]
Select child UCT: [3.0, 3.0, 0.0, 3.0, 3.0, 4.71238898038469, 1]
Greedy child: [3.0, 3.0, 0.0, 4.0, 3.0, 0.0, 1]
Searching game tree in timestep 1...
Actions to choose: [[1.0, 1.5707963267948966, 0.0, 1.5707963267948966], [2.0, -1.5707963267948966, 1.0, -1.5707963267948966], [0.0, -1.5707963267948966, 0.0, 0.0], [2.0, -1.5707963267948966, 1.0, 0.0], [0.0, 1.5707963267948966, 1.0, -1.5707963267948966], [1.0, 1.5707963267948966, 1.0, -1.5707963267948966], [2.0, 1.5707963267948966, 1.0, -1.5707963267948966], [2.0, 0.0, 1.0, 1.5707963267948966], [1.0, -1.5707963267948966, 0.0, 0.0], [0.0, -1.5707963267948966, 0.0, -1.5707963267948966], [1.0, 0.0, 1.0, 1.5707963267948966], [2.0, 1.5707963267948966, 0.0, -1.5707963267948966], [1.0, 1.5707963267948966, 0.0, -1.5707963267948966], [1.0, 0.0, 0.0, 0.0], [1.0, 1.5707963267948966, 1.0, 1.5707963267948966], [1.0, 1.5707963267948966, 1.0, 0.0], [0.0, 1.5707963267948966, 0.0, 0.0], [0.0, -1.5707963267948966, 1.0, 1.5707963267948966], [2.0, 1.5707963267948966, 0.0, 0.0], [1.0, -1.5707963267948966, 1.0, 1.5707963267948966], [1.0, -1.5707963267948966, 0.0, 1.5707963267948966], [0.0, 0.0, 1.0, 1.5707963267948966], [2.0, 1.5707963267948966, 0.0, 1.5707963267948966], [0.0, 1.5707963267948966, 1.0, 1.5707963267948966], [0.0, 0.0, 0.0, -1.5707963267948966], [2.0, 0.0, 1.0, -1.5707963267948966], [2.0, -1.5707963267948966, 0.0, 1.5707963267948966], [2.0, 1.5707963267948966, 1.0, 1.5707963267948966], [0.0, 0.0, 0.0, 0.0], [2.0, 0.0, 0.0, -1.5707963267948966], [0.0, -1.5707963267948966, 0.0, 1.5707963267948966], [2.0, 0.0, 0.0, 0.0], [1.0, 0.0, 1.0, -1.5707963267948966], [2.0, -1.5707963267948966, 0.0, -1.5707963267948966], [0.0, 0.0, 1.0, -1.5707963267948966], [0.0, 1.5707963267948966, 0.0, 1.5707963267948966], [2.0, -1.5707963267948966, 1.0, 1.5707963267948966], [0.0, 1.5707963267948966, 0.0, -1.5707963267948966], [1.0, 0.0, 1.0, 0.0], [1.0, 0.0, 0.0, 1.5707963267948966], [0.0, 0.0, 1.0, 0.0], [1.0, -1.5707963267948966, 1.0, -1.5707963267948966], [2.0, 0.0, 1.0, 0.0], [1.0, -1.5707963267948966, 0.0, -1.5707963267948966], [2.0, 0.0, 0.0, 1.5707963267948966], [1.0, -1.5707963267948966, 1.0, 0.0], [2.0, 1.5707963267948966, 1.0, 0.0], [0.0, 1.5707963267948966, 1.0, 0.0], [1.0, 0.0, 0.0, -1.5707963267948966], [1.0, 1.5707963267948966, 0.0, 0.0], [2.0, -1.5707963267948966, 0.0, 0.0], [0.0, -1.5707963267948966, 1.0, 0.0], [0.0, -1.5707963267948966, 1.0, -1.5707963267948966], [0.0, 0.0, 0.0, 1.5707963267948966]]
Choices weights: [18, 22, 14, 32, 17, 15, 30, 26, 18, 7, 26, 27, 13, 23, 17, 28, 14, 12, 23, 17, 11, 23, 16, 15, 15, 41, 17, 21, 12, 14, 11, 32, 24, 16, 26, 10, 22, 16, 34, 23, 18, 23, 38, 19, 23, 21, 39, 13, 22, 15, 14, 23, 14, 12]
Robust child: [5.0, 3.0, 0.0, 5.0, 3.0, 4.71238898038469, 2]
Select child UCT: [3.0, 3.0, 4.71238898038469, 4.0, 3.0, 4.71238898038469, 2]
Greedy child: [5.0, 3.0, 0.0, 5.0, 3.0, 0.0, 2]
Searching game tree in timestep 2...
Actions to choose: [[0.0, -1.5707963267948966, 0.0, -1.5707963267948966], [0.0, -1.5707963267948966, 1.0, 1.5707963267948966], [0.0, -1.5707963267948966, 0.0, 1.5707963267948966], [0.0, 1.5707963267948966, 0.0, 1.5707963267948966], [0.0, 0.0, 1.0, 0.0], [0.0, 0.0, 0.0, 1.5707963267948966], [1.0, 0.0, 0.0, 0.0], [2.0, 0.0, 1.0, -1.5707963267948966], [1.0, 1.5707963267948966, 1.0, 0.0], [1.0, -1.5707963267948966, 0.0, 1.5707963267948966], [2.0, 0.0, 0.0, -1.5707963267948966], [1.0, 0.0, 1.0, 1.5707963267948966], [0.0, -1.5707963267948966, 0.0, 0.0], [1.0, 1.5707963267948966, 0.0, -1.5707963267948966], [2.0, -1.5707963267948966, 1.0, 1.5707963267948966], [2.0, 1.5707963267948966, 1.0, 1.5707963267948966], [1.0, 1.5707963267948966, 0.0, 0.0], [2.0, -1.5707963267948966, 1.0, 0.0], [2.0, -1.5707963267948966, 1.0, -1.5707963267948966], [0.0, 1.5707963267948966, 1.0, -1.5707963267948966], [1.0, 0.0, 1.0, -1.5707963267948966], [1.0, 1.5707963267948966, 1.0, -1.5707963267948966], [1.0, -1.5707963267948966, 1.0, -1.5707963267948966], [0.0, -1.5707963267948966, 1.0, -1.5707963267948966], [1.0, 0.0, 0.0, 1.5707963267948966], [1.0, -1.5707963267948966, 1.0, 1.5707963267948966], [0.0, 0.0, 0.0, 0.0], [0.0, 0.0, 1.0, 1.5707963267948966], [2.0, 1.5707963267948966, 1.0, -1.5707963267948966], [1.0, -1.5707963267948966, 0.0, -1.5707963267948966], [0.0, 1.5707963267948966, 0.0, -1.5707963267948966], [0.0, -1.5707963267948966, 1.0, 0.0], [0.0, 0.0, 1.0, -1.5707963267948966], [1.0, 0.0, 1.0, 0.0], [0.0, 1.5707963267948966, 1.0, 1.5707963267948966], [2.0, 1.5707963267948966, 1.0, 0.0], [1.0, -1.5707963267948966, 0.0, 0.0], [1.0, 1.5707963267948966, 0.0, 1.5707963267948966], [2.0, 0.0, 1.0, 0.0], [2.0, -1.5707963267948966, 0.0, 0.0], [2.0, -1.5707963267948966, 0.0, -1.5707963267948966], [1.0, -1.5707963267948966, 1.0, 0.0], [2.0, 1.5707963267948966, 0.0, 1.5707963267948966], [2.0, 1.5707963267948966, 0.0, 0.0], [1.0, 1.5707963267948966, 1.0, 1.5707963267948966], [1.0, 0.0, 0.0, -1.5707963267948966], [0.0, 1.5707963267948966, 1.0, 0.0], [2.0, -1.5707963267948966, 0.0, 1.5707963267948966], [0.0, 0.0, 0.0, -1.5707963267948966], [2.0, 0.0, 0.0, 0.0], [2.0, 0.0, 0.0, 1.5707963267948966], [2.0, 0.0, 1.0, 1.5707963267948966], [0.0, 1.5707963267948966, 0.0, 0.0], [2.0, 1.5707963267948966, 0.0, -1.5707963267948966]]
Choices weights: [11, 21, 19, 18, 18, 27, 25, 25, 10, 18, 28, 51, 12, 11, 30, 16, 19, 19, 13, 12, 28, 14, 8, 9, 26, 19, 15, 29, 18, 11, 10, 11, 18, 27, 20, 22, 18, 24, 30, 14, 16, 12, 41, 17, 28, 20, 14, 24, 12, 28, 41, 34, 15, 17]
Robust child: [6.0, 3.0, 0.0, 5.0, 2.0, 0.0, 3]
Select child UCT: [7.0, 3.0, 0.0, 5.0, 2.0, 3.141592653589793, 3]
Greedy child: [7.0, 3.0, 0.0, 5.0, 2.0, 3.141592653589793, 3]
Searching game tree in timestep 3...
Actions to choose: [[0.0, 1.5707963267948966, 1.0, 1.5707963267948966], [0.0, 1.5707963267948966, 0.0, 0.0], [1.0, 0.0, 1.0, -1.5707963267948966], [1.0, 0.0, 1.0, 1.5707963267948966], [2.0, 0.0, 0.0, -1.5707963267948966], [1.0, 1.5707963267948966, 0.0, 1.5707963267948966], [0.0, 1.5707963267948966, 0.0, 1.5707963267948966], [2.0, 0.0, 1.0, 0.0], [1.0, -1.5707963267948966, 0.0, 1.5707963267948966], [1.0, 1.5707963267948966, 0.0, 0.0], [2.0, 0.0, 0.0, 0.0], [2.0, -1.5707963267948966, 0.0, 0.0], [1.0, 1.5707963267948966, 1.0, 1.5707963267948966], [1.0, 1.5707963267948966, 0.0, -1.5707963267948966], [2.0, 1.5707963267948966, 0.0, -1.5707963267948966], [0.0, 0.0, 0.0, 1.5707963267948966], [1.0, 1.5707963267948966, 1.0, 0.0], [1.0, -1.5707963267948966, 1.0, 1.5707963267948966], [0.0, -1.5707963267948966, 0.0, 1.5707963267948966], [2.0, 0.0, 0.0, 1.5707963267948966], [1.0, 0.0, 0.0, -1.5707963267948966], [2.0, 1.5707963267948966, 1.0, -1.5707963267948966], [1.0, 1.5707963267948966, 1.0, -1.5707963267948966], [0.0, 1.5707963267948966, 1.0, -1.5707963267948966], [0.0, 0.0, 0.0, -1.5707963267948966], [1.0, -1.5707963267948966, 0.0, 0.0], [2.0, 0.0, 1.0, -1.5707963267948966], [0.0, 0.0, 1.0, 0.0], [0.0, -1.5707963267948966, 1.0, 1.5707963267948966], [1.0, 0.0, 0.0, 0.0], [0.0, 0.0, 1.0, 1.5707963267948966], [2.0, 1.5707963267948966, 1.0, 1.5707963267948966], [0.0, -1.5707963267948966, 0.0, -1.5707963267948966], [2.0, 1.5707963267948966, 0.0, 1.5707963267948966], [2.0, 1.5707963267948966, 0.0, 0.0], [0.0, -1.5707963267948966, 1.0, 0.0], [1.0, -1.5707963267948966, 0.0, -1.5707963267948966], [1.0, 0.0, 0.0, 1.5707963267948966], [0.0, 1.5707963267948966, 1.0, 0.0], [0.0, -1.5707963267948966, 0.0, 0.0], [0.0, -1.5707963267948966, 1.0, -1.5707963267948966], [2.0, -1.5707963267948966, 1.0, 1.5707963267948966], [1.0, -1.5707963267948966, 1.0, 0.0], [0.0, 0.0, 1.0, -1.5707963267948966], [2.0, 1.5707963267948966, 1.0, 0.0], [1.0, -1.5707963267948966, 1.0, -1.5707963267948966], [2.0, -1.5707963267948966, 0.0, -1.5707963267948966], [2.0, -1.5707963267948966, 1.0, 0.0], [1.0, 0.0, 1.0, 0.0], [0.0, 0.0, 0.0, 0.0], [2.0, -1.5707963267948966, 1.0, -1.5707963267948966], [2.0, 0.0, 1.0, 1.5707963267948966], [0.0, 1.5707963267948966, 0.0, -1.5707963267948966], [2.0, -1.5707963267948966, 0.0, 1.5707963267948966]]
Choices weights: [13, 12, 18, 30, 20, 23, 20, 40, 15, 23, 30, 20, 21, 18, 17, 21, 26, 14, 15, 26, 20, 30, 14, 20, 9, 13, 30, 30, 13, 20, 22, 28, 13, 19, 21, 17, 7, 27, 23, 12, 12, 19, 20, 21, 45, 13, 10, 20, 32, 21, 25, 31, 12, 12]
Robust child: [8.0, 3.0, 1.5707963267948966, 6.0, 2.0, 0.0, 4]
Select child UCT: [8.0, 3.0, 4.71238898038469, 6.0, 2.0, 1.5707963267948966, 4]
Greedy child: [8.0, 3.0, 0.0, 5.0, 2.0, 4.71238898038469, 4]
Searching game tree in timestep 4...
Actions to choose: [[1.0, -1.5707963267948966, 1.0, 0.0], [2.0, 0.0, 1.0, 1.5707963267948966], [0.0, 0.0, 1.0, -1.5707963267948966], [2.0, -1.5707963267948966, 1.0, 1.5707963267948966], [1.0, -1.5707963267948966, 0.0, 0.0], [1.0, -1.5707963267948966, 0.0, -1.5707963267948966], [2.0, 0.0, 0.0, 0.0], [1.0, 1.5707963267948966, 0.0, 1.5707963267948966], [2.0, -1.5707963267948966, 1.0, 0.0], [0.0, 0.0, 0.0, -1.5707963267948966], [2.0, -1.5707963267948966, 1.0, -1.5707963267948966], [0.0, -1.5707963267948966, 1.0, 0.0], [1.0, 1.5707963267948966, 0.0, -1.5707963267948966], [0.0, 1.5707963267948966, 0.0, -1.5707963267948966], [2.0, 0.0, 1.0, 0.0], [2.0, 1.5707963267948966, 0.0, 1.5707963267948966], [2.0, 1.5707963267948966, 1.0, -1.5707963267948966], [0.0, -1.5707963267948966, 1.0, 1.5707963267948966], [0.0, 1.5707963267948966, 1.0, -1.5707963267948966], [2.0, 1.5707963267948966, 0.0, 0.0], [0.0, -1.5707963267948966, 0.0, -1.5707963267948966], [2.0, -1.5707963267948966, 0.0, 1.5707963267948966], [0.0, -1.5707963267948966, 1.0, -1.5707963267948966], [2.0, 0.0, 0.0, 1.5707963267948966], [1.0, 1.5707963267948966, 1.0, 1.5707963267948966], [1.0, 0.0, 1.0, 0.0], [1.0, 1.5707963267948966, 0.0, 0.0], [1.0, 1.5707963267948966, 1.0, 0.0], [0.0, 0.0, 0.0, 0.0], [0.0, 0.0, 1.0, 0.0], [2.0, -1.5707963267948966, 0.0, -1.5707963267948966], [1.0, 0.0, 1.0, -1.5707963267948966], [1.0, 0.0, 1.0, 1.5707963267948966], [0.0, 1.5707963267948966, 1.0, 1.5707963267948966], [0.0, 1.5707963267948966, 1.0, 0.0], [0.0, -1.5707963267948966, 0.0, 1.5707963267948966], [1.0, -1.5707963267948966, 1.0, 1.5707963267948966], [1.0, 0.0, 0.0, -1.5707963267948966], [1.0, 0.0, 0.0, 1.5707963267948966], [2.0, -1.5707963267948966, 0.0, 0.0], [2.0, 1.5707963267948966, 0.0, -1.5707963267948966], [0.0, 1.5707963267948966, 0.0, 0.0], [1.0, -1.5707963267948966, 1.0, -1.5707963267948966], [1.0, 1.5707963267948966, 1.0, -1.5707963267948966], [0.0, 1.5707963267948966, 0.0, 1.5707963267948966], [2.0, 0.0, 0.0, -1.5707963267948966], [0.0, -1.5707963267948966, 0.0, 0.0], [1.0, -1.5707963267948966, 0.0, 1.5707963267948966], [0.0, 0.0, 1.0, 1.5707963267948966], [1.0, 0.0, 0.0, 0.0], [2.0, 0.0, 1.0, -1.5707963267948966], [0.0, 0.0, 0.0, 1.5707963267948966], [2.0, 1.5707963267948966, 1.0, 0.0], [2.0, 1.5707963267948966, 1.0, 1.5707963267948966]]
Choices weights: [29, 22, 18, 23, 18, 28, 19, 13, 35, 11, 37, 31, 4, 12, 35, 9, 16, 41, 12, 14, 17, 22, 27, 14, 13, 34, 17, 19, 22, 30, 16, 17, 24, 13, 15, 14, 32, 20, 15, 25, 13, 12, 26, 10, 12, 17, 29, 29, 24, 20, 19, 25, 16, 12]
Robust child: [8.0, 3.0, 0.0, 7.0, 2.0, 1.5707963267948966, 5]
Select child UCT: [8.0, 5.0, 1.5707963267948966, 6.0, 2.0, 1.5707963267948966, 5]
Greedy child: [8.0, 4.0, 0.0, 7.0, 2.0, 0.0, 5]
Searching game tree in timestep 5...
Actions to choose: [[0.0, 0.0, 0.0, -1.5707963267948966], [2.0, 0.0, 1.0, -1.5707963267948966], [2.0, 0.0, 0.0, -1.5707963267948966], [0.0, -1.5707963267948966, 0.0, 0.0], [0.0, 1.5707963267948966, 1.0, 0.0], [0.0, 0.0, 0.0, 0.0], [1.0, -1.5707963267948966, 1.0, -1.5707963267948966], [2.0, 0.0, 0.0, 0.0], [0.0, 0.0, 1.0, 1.5707963267948966], [2.0, 0.0, 1.0, 0.0], [1.0, -1.5707963267948966, 1.0, 1.5707963267948966], [1.0, 1.5707963267948966, 1.0, 1.5707963267948966], [1.0, -1.5707963267948966, 0.0, 1.5707963267948966], [2.0, -1.5707963267948966, 0.0, -1.5707963267948966], [0.0, -1.5707963267948966, 1.0, 0.0], [1.0, 0.0, 1.0, -1.5707963267948966], [1.0, 0.0, 1.0, 0.0], [0.0, 0.0, 1.0, 0.0], [1.0, -1.5707963267948966, 0.0, -1.5707963267948966], [2.0, 1.5707963267948966, 1.0, -1.5707963267948966], [0.0, -1.5707963267948966, 0.0, 1.5707963267948966], [1.0, 0.0, 0.0, 1.5707963267948966], [0.0, 1.5707963267948966, 0.0, -1.5707963267948966], [0.0, -1.5707963267948966, 1.0, 1.5707963267948966], [0.0, 1.5707963267948966, 1.0, -1.5707963267948966], [2.0, -1.5707963267948966, 0.0, 1.5707963267948966], [1.0, -1.5707963267948966, 0.0, 0.0], [2.0, 1.5707963267948966, 1.0, 1.5707963267948966], [1.0, 0.0, 0.0, 0.0], [2.0, 0.0, 0.0, 1.5707963267948966], [1.0, 0.0, 1.0, 1.5707963267948966], [0.0, 0.0, 0.0, 1.5707963267948966], [0.0, 1.5707963267948966, 0.0, 1.5707963267948966], [0.0, 1.5707963267948966, 0.0, 0.0], [1.0, 1.5707963267948966, 0.0, 1.5707963267948966], [0.0, -1.5707963267948966, 0.0, -1.5707963267948966], [2.0, 1.5707963267948966, 0.0, 1.5707963267948966], [1.0, 1.5707963267948966, 0.0, 0.0], [0.0, 0.0, 1.0, -1.5707963267948966], [2.0, -1.5707963267948966, 1.0, 1.5707963267948966], [0.0, 1.5707963267948966, 1.0, 1.5707963267948966], [1.0, 1.5707963267948966, 0.0, -1.5707963267948966], [0.0, -1.5707963267948966, 1.0, -1.5707963267948966], [2.0, 1.5707963267948966, 0.0, -1.5707963267948966], [1.0, 1.5707963267948966, 1.0, 0.0], [1.0, 0.0, 0.0, -1.5707963267948966], [2.0, 1.5707963267948966, 1.0, 0.0], [2.0, -1.5707963267948966, 1.0, -1.5707963267948966], [2.0, 1.5707963267948966, 0.0, 0.0], [2.0, 0.0, 1.0, 1.5707963267948966], [2.0, -1.5707963267948966, 0.0, 0.0], [1.0, 1.5707963267948966, 1.0, -1.5707963267948966], [1.0, -1.5707963267948966, 1.0, 0.0], [2.0, -1.5707963267948966, 1.0, 0.0]]
Choices weights: [23, 38, 33, 12, 19, 18, 22, 27, 10, 35, 19, 14, 11, 30, 20, 24, 21, 20, 20, 24, 9, 16, 15, 12, 16, 18, 21, 21, 24, 24, 19, 20, 8, 15, 20, 16, 19, 17, 17, 16, 16, 18, 19, 28, 16, 29, 20, 30, 28, 22, 25, 26, 14, 19]
Robust child: [10.0, 3.0, 0.0, 7.0, 3.0, 0.0, 6]
Select child UCT: [9.0, 3.0, 0.0, 7.0, 3.0, 3.141592653589793, 6]
Greedy child: [10.0, 3.0, 0.0, 7.0, 2.0, 3.141592653589793, 6]
Searching game tree in timestep 6...
Actions to choose: [[1.0, 0.0, 1.0, 0.0], [1.0, 1.5707963267948966, 0.0, -1.5707963267948966], [0.0, 0.0, 1.0, 1.5707963267948966], [1.0, 0.0, 0.0, -1.5707963267948966], [2.0, 1.5707963267948966, 1.0, -1.5707963267948966], [2.0, 1.5707963267948966, 0.0, 0.0], [2.0, 1.5707963267948966, 1.0, 0.0], [1.0, -1.5707963267948966, 1.0, 0.0], [0.0, -1.5707963267948966, 0.0, -1.5707963267948966], [2.0, 1.5707963267948966, 1.0, 1.5707963267948966], [1.0, 0.0, 0.0, 0.0], [0.0, 0.0, 0.0, 1.5707963267948966], [0.0, 0.0, 1.0, 0.0], [0.0, 1.5707963267948966, 0.0, 1.5707963267948966], [2.0, 0.0, 1.0, 1.5707963267948966], [1.0, 1.5707963267948966, 0.0, 0.0], [0.0, -1.5707963267948966, 0.0, 0.0], [0.0, -1.5707963267948966, 1.0, 0.0], [1.0, 1.5707963267948966, 1.0, 0.0], [2.0, -1.5707963267948966, 1.0, -1.5707963267948966], [2.0, 0.0, 0.0, -1.5707963267948966], [0.0, 1.5707963267948966, 0.0, 0.0], [1.0, 0.0, 1.0, 1.5707963267948966], [2.0, -1.5707963267948966, 0.0, -1.5707963267948966], [2.0, -1.5707963267948966, 0.0, 0.0], [1.0, -1.5707963267948966, 1.0, 1.5707963267948966], [0.0, -1.5707963267948966, 0.0, 1.5707963267948966], [0.0, -1.5707963267948966, 1.0, -1.5707963267948966], [0.0, 0.0, 1.0, -1.5707963267948966], [0.0, 0.0, 0.0, 0.0], [2.0, -1.5707963267948966, 1.0, 1.5707963267948966], [0.0, 1.5707963267948966, 1.0, 1.5707963267948966], [1.0, -1.5707963267948966, 1.0, -1.5707963267948966], [2.0, 0.0, 0.0, 0.0], [0.0, 1.5707963267948966, 1.0, 0.0], [2.0, 1.5707963267948966, 0.0, 1.5707963267948966], [0.0, -1.5707963267948966, 1.0, 1.5707963267948966], [1.0, 1.5707963267948966, 0.0, 1.5707963267948966], [2.0, 0.0, 1.0, 0.0], [2.0, -1.5707963267948966, 1.0, 0.0], [2.0, -1.5707963267948966, 0.0, 1.5707963267948966], [1.0, -1.5707963267948966, 0.0, -1.5707963267948966], [0.0, 1.5707963267948966, 0.0, -1.5707963267948966], [1.0, 0.0, 0.0, 1.5707963267948966], [0.0, 0.0, 0.0, -1.5707963267948966], [1.0, 0.0, 1.0, -1.5707963267948966], [1.0, 1.5707963267948966, 1.0, 1.5707963267948966], [2.0, 0.0, 1.0, -1.5707963267948966], [2.0, 1.5707963267948966, 0.0, -1.5707963267948966], [1.0, -1.5707963267948966, 0.0, 0.0], [1.0, -1.5707963267948966, 0.0, 1.5707963267948966], [1.0, 1.5707963267948966, 1.0, -1.5707963267948966], [2.0, 0.0, 0.0, 1.5707963267948966], [0.0, 1.5707963267948966, 1.0, -1.5707963267948966]]
Choices weights: [33, 16, 24, 14, 23, 20, 34, 21, 11, 29, 21, 10, 22, 11, 34, 13, 12, 19, 21, 23, 20, 13, 18, 18, 26, 12, 9, 21, 20, 14, 29, 17, 21, 24, 16, 21, 15, 15, 26, 30, 25, 21, 13, 24, 17, 29, 23, 29, 23, 17, 19, 21, 15, 18]
Robust child: [12.0, 3.0, 1.5707963267948966, 8.0, 3.0, 0.0, 7]
Select child UCT: [11.0, 3.0, 1.5707963267948966, 8.0, 3.0, 4.71238898038469, 7]
Greedy child: [12.0, 3.0, 4.71238898038469, 7.0, 3.0, 1.5707963267948966, 7]
Runtime: 29.985865592956543 s
